grad_norm
31.945844650268555
2.178940534591675
1.6762151718139648
1.9064159393310547
1.6382321119308472
2.408507823944092
4.027237892150879
1.6062841415405273
2.551982879638672
2.3345766067504883
2.870246171951294
1.9587695598602295
1.5259158611297607
2.094698190689087
5.685044288635254
2.6819140911102295
3.013087511062622
2.547243595123291
2.7505733966827393
3.9351212978363037
2.0164477825164795
2.5984673500061035
2.29008412361145
6.053535461425781
5.811891078948975
4.341148376464844
1.253804087638855
2.6373767852783203
6.015925884246826
3.2189383506774902
5.383976936340332
3.375295877456665
1.938402771949768
3.231858491897583
2.111307144165039
2.968442916870117
2.0980889797210693
2.7100486755371094
2.005068778991699
2.0154361724853516
2.4462711811065674
2.9238619804382324
2.1134557723999023
2.2854955196380615
2.387791872024536
5.256576061248779
2.741107225418091
6.775210857391357
5.337540626525879
1.2711530923843384
14.664423942565918
6.098851203918457
3.7767679691314697
4.641359329223633
3.714376211166382
2.110490560531616
3.2612719535827637
7.01692533493042
1.2621036767959595
0.7250294089317322
3.508363723754883
4.861321926116943
6.4058146476745605
6.231353282928467
7.813930511474609
1.0549352169036865
4.2108306884765625
1.84864342212677
2.399834394454956
10.183619499206543
4.025457382202148
5.829987049102783
6.875255107879639
5.132393836975098
2.282256841659546
2.871408462524414
4.5264692306518555
3.6177921295166016
1.8310284614562988
4.485123157501221
2.1695926189422607
3.7077627182006836
3.8881053924560547
2.978767156600952
4.374053955078125
2.5882012844085693
4.119691848754883
5.270356178283691
2.700716257095337
2.8061721324920654
3.1872639656066895
2.9979963302612305
1.59639310836792
2.7123022079467773
5.178570747375488
10.460376739501953
5.565145015716553
5.11907434463501
4.930224418640137
0.9495171904563904
11.707234382629395
3.961106061935425
4.36823034286499
4.77027702331543
7.04287576675415
10.362717628479004
4.836462497711182
1.987086534500122
8.069008827209473
5.176614284515381
6.558475017547607
5.1826863288879395
2.843242883682251
8.33806324005127
5.083318710327148
1.7275639772415161
2.597208023071289
2.0698435306549072
5.911251068115234
5.204653739929199
4.0005364418029785
7.2899699211120605
5.2943644523620605
0.854240357875824
6.076667785644531
5.348829746246338
0.6406689286231995
2.438337564468384
4.137172222137451
5.636196613311768
3.763202667236328
1.847317099571228
3.2273306846618652
3.539806842803955
4.626650810241699
5.47344970703125
2.961371660232544
1.351004719734192
5.221106052398682
3.605497360229492
3.455162286758423
3.064897060394287
0.5210355520248413
3.9754152297973633
0.7719908952713013
3.9485836029052734
4.38575553894043
4.017678737640381
2.819509744644165
4.0244526863098145
3.9399397373199463
4.120481491088867
5.30678653717041
2.9539332389831543
3.3369481563568115
5.095469951629639
2.7588508129119873
8.298360824584961
7.94299840927124
3.651981830596924
5.144178867340088
3.3701322078704834
4.76466178894043
5.099252223968506
5.02689266204834
4.327906608581543
3.8454577922821045
5.564156532287598
5.377921104431152
3.4995622634887695
5.413102149963379
7.382843017578125
3.592674493789673
3.0444183349609375
5.091190814971924
2.1273677349090576
5.018926620483398
5.989253997802734
6.385334014892578
4.2155327796936035
6.326636791229248
2.720585823059082
1.403385877609253
4.833992004394531
6.346678733825684
5.346726417541504
4.435616970062256
1.2862398624420166
6.684247970581055
6.035091876983643
10.1428861618042
2.051403284072876
2.863819122314453
3.1260242462158203
6.762646675109863
5.927168369293213
6.486269950866699
5.694755554199219
5.4743452072143555
6.685157775878906
1.5389260053634644
1.761122465133667
4.250838279724121
9.653969764709473
3.8837890625
4.108755588531494
0.7063542604446411
3.688523530960083
2.9173402786254883
0.3888885974884033
4.699503421783447
6.1320319175720215
4.111713886260986
2.6151673793792725
5.390198707580566
2.2240021228790283
4.075465679168701
5.68159294128418
1.1154996156692505
1.6907289028167725
1.913956642150879
2.9320027828216553
7.103848457336426
1.702547311782837
3.9519152641296387
2.468977451324463
3.649376630783081
5.896897792816162
1.0999047756195068
2.7378549575805664
1.0101170539855957
1.588297724723816
2.831666946411133
2.7413103580474854
2.343655586242676
1.7286581993103027
2.207848072052002
5.398858547210693
3.4085581302642822
2.6172404289245605
4.074758052825928
2.339146375656128
2.503523826599121
2.804166793823242
1.3869909048080444
1.353475570678711
1.8954204320907593
1.7899829149246216
5.445603847503662
2.773291826248169
1.5418506860733032
2.7325854301452637
5.69961404800415
1.7468039989471436
2.4855923652648926
2.4117119312286377
3.011683225631714
2.2641549110412598
3.107923746109009
2.90118670463562
2.5939431190490723
1.5085543394088745
4.348914623260498
3.8603100776672363
2.939962863922119
3.7149441242218018
3.04667067527771
2.2374637126922607
6.369923114776611
5.030215263366699
3.940485715866089
4.1914215087890625
2.178401470184326
2.0974011421203613
2.6845908164978027
3.5481925010681152
3.2553064823150635
3.452745199203491
1.7253448963165283
3.315730094909668
2.8405508995056152
1.743751883506775
5.056525230407715
1.7485051155090332
3.4826838970184326
2.217837333679199
2.295754909515381
13.871689796447754
2.730512857437134
3.3157095909118652
6.142640590667725
2.522907018661499
4.248682975769043
5.024523735046387
1.9831664562225342
3.315511703491211
3.5023674964904785
2.0850443840026855
3.602976083755493
5.029206275939941
1.9098787307739258
2.059641122817993
2.086577892303467
1.1563761234283447
1.4276677370071411
1.5731301307678223
2.2514736652374268
1.7534081935882568
3.1487820148468018
4.575547695159912
5.851580619812012
2.3249809741973877
0.9563523530960083
4.370757579803467
4.028964996337891
5.092055320739746
4.936965465545654
5.630138397216797
3.5839529037475586
2.132581949234009
2.2125885486602783
3.906057119369507
5.507722854614258
10.823359489440918
2.1416897773742676
2.4103891849517822
5.474025249481201
2.003760576248169
3.1989433765411377
1.3866052627563477
6.301448345184326
2.5341687202453613
3.74440598487854
3.039278745651245
10.336787223815918
3.2185959815979004
0.9366231560707092
1.4904206991195679
5.231055736541748
4.422286510467529
1.342153549194336
3.4232265949249268
4.834626197814941
5.246365547180176
4.87669038772583
2.186107635498047
4.403461933135986
1.5817018747329712
3.8088643550872803
5.154960632324219
2.5563392639160156
3.882868766784668
1.998548984527588
3.711925983428955
1.3904461860656738
1.9368467330932617
6.1928229331970215
6.177704811096191
5.280754566192627
4.945059299468994
2.400592088699341
5.92832088470459
4.28361701965332
4.025948524475098
2.130319595336914
8.336506843566895
2.3959906101226807
2.617851495742798
4.973107814788818
2.6273458003997803
3.8716580867767334
2.2872800827026367
1.1032739877700806
4.5057830810546875
6.649678707122803
1.5469614267349243
1.8340669870376587
24.744653701782227
13.948716163635254
5.434776782989502
4.215443134307861
3.092139720916748
2.658695697784424
2.557687520980835
3.4744884967803955
2.3234851360321045
13.230246543884277
3.4664108753204346
5.046999931335449
2.277841091156006
3.807189464569092
8.532933235168457
5.573170185089111
2.349095582962036
3.694347858428955
3.0135579109191895
2.6081862449645996
3.2436025142669678
2.631389856338501
4.227138996124268
