fid_record:
108.0006662570022
59.93258820506799
58.460516437026854
52.44705137531912
53.902822406229745
56.994964798766944
60.976063784039695
51.595331389233365
48.517018919568955
53.58521978373096
54.24123680320167
51.016724570904216
52.26598290205652
45.27947064877657
51.34020456777358
46.58483287654968
41.883406979886786
67.30396863289945
42.18310668576936
41.36382580324164
46.011898239089646
51.23901786997226
45.14443007008572
42.960687333372334
45.60094798244245
41.37813733187676
41.89786616119733
45.45287062622293
42.769793283937474
43.777878644907844
