fid_record:
118.16314246839124
87.7386343104065
79.33539496936334
70.56108972109229
62.355215018899
69.03719733055351
62.954374957440564
60.06617142320408
62.45222615841436
64.58337938390918
62.02805505209966
57.67370706205372
59.90422128856903
46.25720586448654
48.21861741475823
57.41716843613568
43.86891044369332
44.97182743333627
40.766449930267186
45.27032090458539
33.55123538609348
40.98281103688373
35.571240506651634
38.35609042542558
34.70554586871731
38.05927344191258
40.27863312746854
32.20917285701978
34.96175308301366
36.68846465033215
35.024916284030496
41.55932998089895
40.18704308891415
37.2743915122071
38.23181593198791
36.255359642064036
35.96426356685032
35.289158008523884
37.3991771611108
41.66152153711005
fid_record:
109.82927350539342
81.53092298690058
72.40011459632092
73.4639466108797
61.7452136833017
60.44398338734328
65.33006234344049
65.44985377542639
63.45098780538001
64.38315122000972
55.05038237468443
47.14251420350371
50.10746614686036
52.71065324986864
53.4674287874592
44.738952792863074
41.72844625815344
47.102500933975705
41.54994753891094
40.90631609948764
42.52330530377816
44.99481460661286
40.29480469531751
44.07012846841451
37.529748188901465
44.54434429277126
36.45773682916365
36.63230552913444
41.91939122181799
35.47882232996932
45.868198636311206
41.46693963187005
40.95226263841408
48.6631869352081
40.45576124219053
37.79776442342046
43.93785235477162
44.194617387483845
39.89285184865645
41.489122234446086
fid_record:
97.96457216623031
79.57908847858391
70.59743076035278
63.054402847569236
69.01616197633831
59.81649877246991
58.07234200331072
60.50747215227415
54.604316205136456
53.598577057993964
49.34500149402021
55.4779808552139
346.5789641502313
46.04611152663324
46.689950466473135
46.99192939368004
45.03045244885902
50.74839557076348
46.24480007096696
47.43759817918175
31.655972358450526
430.0601876248011
41.72526222703618
34.95769580611676
33.49071110164408
35.43496955501229
34.18988851841135
32.16441917910731
35.84411496686016
33.6939164432041
36.77094430323916
31.73509270428292
33.90840761754123
37.138467024373256
35.965558735345326
32.80853681620653
36.49477987507498
38.40678733735507
36.810815679392476
39.95277790197588
fid_record:
112.76940313318869
82.39002304738767
77.9925114749052
77.07521137398572
78.3152515709586
63.890534973599415
58.25497257218609
69.38029727447355
56.917644935637384
57.957584968690355
64.74663815117276
58.1983138344076
44.10734438025611
44.15499455956541
45.20851369431142
48.12371787520249
46.673486253167994
41.76104065417712
43.69392008777561
52.888913976286744
46.66386214020565
42.50970892588748
32.824843367537426
38.37497343156787
40.17924742174392
41.61098870235486
43.028796486161866
32.506780135956774
45.86526966968228
33.34690200970317
39.89628504485
40.21949355739264
40.343855226881374
38.58848276595421
37.917862903138314
37.481272458563865
39.48329606902172
39.69927358583726
39.39374362832734
40.20339003288075
fid_record:
102.5571764880263
88.80176085517246
