154.5178239147648
111.76935243692714
82.79878257839863
85.96399126002291
93.08879217922845
65.59850191989028
69.95818140266243
57.29809378683069
53.944336838172376
56.54918988911135
46.38506227040841
48.894257283088564
44.67810578730251
43.72687204602943
37.801019769404036
38.5715975263883
38.83719964497061
48.8698196903743
40.314753629513916
30.049540422317932
31.978559556326502
32.194013724989304
36.08750020839159
35.14588684343363
33.79352911936297
34.48694612428886
37.94185288058475
31.15753327108382
31.516147589239893
30.48879718025671
37.26559567675787
34.11921784010792
31.175242826571264
32.940429037050194
32.73171202884805
30.237338126815757
35.84925223547481
33.410682293246396
31.01647161438126
34.52002841964361
