fid_record:
116.32503136379512
94.64566890297283
75.2157366888818
69.42281696839953
57.70484124443118
52.948763264895604
48.3199549892347
47.84367103443782
44.12476684849764
41.32381739657984
39.92689904997849
39.65869517115394
39.71104963049325
38.51769609603707
35.47366835812423
37.39623896575955
34.11328839990222
34.453646148669065
33.539900587574664
32.563671090884554
32.641671425226434
34.133824158611475
32.336854608258705
33.271839194320535
32.044552341729144
30.84601916334745
31.57534334470921
30.840368794949086
31.54652198556002
31.63825385721367
29.41044993907275
30.53538243637186
29.661960547946137
30.952249304476794
29.896538493626394
30.821018955601943
29.59455458684755
29.336339287917326
28.946451564147708
27.407421151709997
29.50226912284677
26.77308270411669
28.82811291487576
27.979087182487945
29.511099709077854
30.81454721598294
28.182219525255874
29.162276224629096
28.581532954972204
28.891055747172203
27.411606340507745
27.991124482999737
28.505832956878635
28.04040172254423
27.522856199111374
26.29442179138323
28.39304563083016
28.74465252302329
27.291353388546668
28.431419308164777
fid_record:
109.96960142213533
89.70377060052465
81.62252314615588
65.71052065259218
62.11341320501407
57.267850706134766
51.50457426339102
48.02983017998102
44.58698648820078
44.78859474927489
39.97168184134034
39.36202542943607
38.54852496076893
36.534155934079166
37.386482358841874
37.17019939034151
36.5608511517741
34.39526583681044
33.93999358171217
33.51194779476583
33.79353134623244
32.424840946759815
31.720667574620762
34.243021693459724
31.41554167267924
31.363003487399254
31.93321515609742
32.23172078228478
30.177468588347637
30.970109504497998
30.035567346952405
27.83338351771158
30.00050324965042
30.135804085970022
30.862337750263322
31.091663906342944
30.61148160002739
28.26965869975524
29.39915547056995
28.543172870848537
27.302439906372484
28.213849394961585
26.200174043502187
28.590066883640446
27.881506152808782
28.554071185980746
27.635944905307156
29.352963959969685
27.202905189012483
29.629975549431094
28.010163823073867
29.269326676640674
27.543430887241527
28.00465430352412
27.16564250263201
28.157153301789208
26.174316950317973
28.592513462533304
27.935247139758673
26.774699249585666
fid_record:
113.87929804448066
91.54877228747324
71.82264857598764
66.388704168848
60.234822276020196
58.82237918607791
56.05252572179904
44.6862342816944
47.20517337991129
45.375926652091806
43.67024019783452
43.04272384174908
43.320061120771925
37.45721560118807
38.29164973141545
37.40469074387585
34.93139133231091
36.625936431426936
36.04599049565371
33.07447751136806
34.704908487547186
34.47904198113548
33.159915574976964
33.07838740448403
35.14324383385767
33.91936049004494
32.197645907363864
31.42297439072388
30.22678870322875
29.48968935787829
31.844787298391026
31.301939517629762
29.873092830244673
28.378173803551903
28.34167402802575
30.618322881944863
29.946513100104085
29.948070391385926
28.992241778624503
27.976072397673818
28.869747202191036
28.31024566041455
27.29117164541276
28.44492049974457
27.619516218668082
29.23064528941478
28.112287909674677
29.787125263529816
27.79273192910148
28.5082859144224
27.04773498132397
27.210180456254847
27.520166466095617
27.413960459487214
29.205900017677436
27.792773196831263
27.795046166898203
28.313490368902308
28.23050132090154
27.657012108217486
fid_record:
113.25556921730194
94.59389540981562
82.25255976614511
71.98240296106539
66.15886951205115
55.17732229958972
52.709790991285445
48.400798070554174
46.36701595498448
45.22196314938185
45.78914907075682
42.544186936761434
40.769738056369874
39.42542097155513
38.861678656877075
37.34867894686457
38.23038594598381
36.094591615752506
35.25696584288852
34.29973306617677
35.28138338853279
34.089302988771834
32.38257544409407
31.897458864368247
31.388826751301337
30.445850395332286
32.003905423926625
31.190707424503074
29.538404767667828
31.340701337265926
29.902537992033672
27.350102975053176
31.65611434820073
29.26248282049022
29.76174642132429
29.751247154497776
28.616034688096647
29.736541697076802
26.839999035625283
27.935336135816556
27.69909285909705
29.905233413160772
28.40602986980832
27.385941344229877
28.45021122858344
27.939584748937563
29.42144502202632
29.58810861246991
27.655592003804685
28.845049864357463
28.205010454789885
27.81469354231237
26.75581432080719
25.46280824101052
28.324541665069603
26.02080858734689
27.545699026231205
27.22959220145927
28.12085721601926
27.895487779492782
fid_record:
117.49078636789409
90.246766556951
74.64052857751977
68.92931000550931
63.57905304945572
56.390662847396555
53.874883738304845
48.828767783136755
44.73090183504047
45.764620237516624
42.13871729765742
39.29920445461883
40.93552436720694
38.327784146266026
37.765386945487876
37.24328788130191
38.07801649363148
36.38265255480508
34.684513559242305
35.90841952231645
35.57093459289422
32.69564946689519
32.52861245574101
34.50852948472149
31.758559634398637
32.989221915876385
31.289463446132658
31.19238226239466
32.2257055572303
30.684985034205795
29.779088249500774
30.738490877530296
30.88208743486672
29.278807709773957
29.248105327455107
29.40995515042431
30.972347218486192
29.353167868549065
28.42820978629726
29.38899054474109
27.49827119131038
29.270212170443415
28.53316093756223
26.308806640570765
29.338889191544098
29.821804279223727
29.066393589288396
26.900000221016796
28.01292413370777
28.250677673539315
29.516828727191722
27.541642778570633
27.43461608663111
28.752743361373746
27.045958605396066
27.271540968487272
27.911636561431123
29.080619303931257
27.66201351463866
25.400992971804186
