187.28017669046815
159.97803601819993
120.67477135661142
103.70272262243316
91.19200630452781
83.17080423308579
78.80978558834602
72.80791203692525
72.00197820292647
67.15664118371222
64.55974447371455
62.86216988865823
60.241985032895116
59.20746637292996
57.86339841013
58.266400983832796
57.347881921219596
56.23352418873469
54.9536186269799
54.735130581429246
52.70296968073956
51.37626493507037
52.08060760028269
50.05619524283719
49.04428999450869
49.644904912168215
49.52820957906391
45.89011660164658
48.78413087027417
47.616383132093915
46.36732449044729
44.216986484142524
44.125605537871536
44.96068728691449
44.71845374446741
43.24158858827474
43.554865150818046
45.4087984873741
41.64237794751023
42.128100576005636
42.132333153392494
42.07221802484918
43.130692566309506
41.09220174988934
43.75740533536771
39.97624563590131
41.832619962518095
38.778764454434395
40.46498023467808
38.650219609642136
42.86918678311292
41.73854845399444
39.485215087317044
39.40016745496666
38.34717195818553
39.37621743765152
37.34289387563939
40.10734146876035
40.67396834655335
38.26168175797244
