181.5862848464596
114.8383531503959
89.68672706252579
89.5142905220631
77.25992672938924
66.75100764916067
55.81373731867302
471.14571557106274
227.24134050970812
236.05441063785997
266.91202651301285
230.55068308498545
189.66171429682095
185.51170550386584
200.19932823225716
175.51299484427895
208.92426103256884
195.42930392656032
179.2525466127355
219.03887248989287
199.4565636336769
190.46457384766353
205.34504306968958
198.1954591630481
194.37644163839101
181.6413628246741
173.80142213459794
183.45565350540002
206.16936566251724
187.02013057577807
203.4559056721937
181.1063748797228
199.0335497024188
184.1579529787681
201.80342042184813
194.28732550549228
314.2392932145435
301.9490045257339
266.5896747626651
316.163183033066
