fid_record:
133.09074728173874
101.81457472615762
89.39273231312666
81.98144188842309
73.98231156459883
70.96885241653496
65.80117772825497
65.07244170658441
63.90412224308892
61.35653284439138
59.7387591433432
58.43921448679612
57.28453124304633
55.802940500939144
56.49384913697753
55.40471773945296
56.41002656697606
54.00177821798468
54.02185578276078
53.29468695093652
51.95568793345899
52.37237754339412
53.082664721895185
52.69900960289857
51.95405621196505
50.53172803982608
51.404002878207734
52.17342676946811
51.88960902722613
51.82445397848244
50.552872379251085
50.00607420061908
51.50315767484375
51.38307210530343
50.80350125586932
50.26687731872755
49.51117637519417
50.6506934241425
49.54562598248373
50.6054145198695
50.6268387826924
49.25503097139256
49.068483205288715
48.07190983810409
49.38027324088432
49.89059463787714
49.41695487340456
49.17102604470517
49.36565386940043
48.15604250084397
49.162759920613155
49.32602356908308
49.28080647737238
49.168507856053736
47.87887707116681
49.071133556329244
48.58178883912848
48.14600212898915
48.59839332489753
48.275991020214065
fid_record:
131.6232040628475
108.93614903113428
85.50002225584791
76.54798742929546
72.94784100006086
67.6486532021579
64.1219522839707
60.74032641701314
60.76449771840191
58.876599114684495
56.940207370756184
58.03412465473809
56.225157177309086
56.87502097564396
55.790729665943445
54.84786204907613
54.07706673243297
53.276401890351735
54.33535394221417
53.108950463107476
51.25065833208788
52.25267358415732
51.830767804523134
53.42546780752326
51.550279830177715
51.64543228050604
52.60060344505308
51.587686338730464
51.19990266703445
51.36621395290365
51.02840146113277
51.286206894447446
50.40000588498259
51.5807137130538
50.98611099727941
50.319476207372304
50.426422890608706
51.245133312236135
49.616212585857625
49.16705358731599
50.203628817727804
50.153298162329975
49.54607186121575
48.92574832193634
49.416058182800896
50.29376384260644
49.4324972264975
50.93489095459705
49.74553446839508
48.799407660278916
49.4528477594439
50.733643419405325
49.805284565886836
49.396380671126735
50.00318886744935
49.254002175895835
48.41661990689073
48.636427579790336
48.69245661258935
48.95217922483647
fid_record:
135.40187200716832
110.87492322338142
93.8699245864064
80.50360870086428
74.57490489093652
71.90255016146449
68.9306758685974
65.34155306259493
62.78910277033708
63.192048486213935
60.23580074376872
58.974419037185385
57.58422912404558
56.79986480512872
57.18404682344169
55.23962803998438
54.60733730899301
54.039582507856096
52.449786648598774
54.278437221892204
52.953231442757556
52.91223433850365
53.039596796428214
52.44150016840405
52.40194254321568
52.577351881417826
52.2271261408427
51.81925252876397
51.98900269583942
52.47947567776856
50.57343933450454
52.88943663077771
51.74834840167034
50.67094884787264
49.49724105519971
50.2114556388882
51.70258400106172
50.50837237524655
52.03946582214576
50.3730168379592
50.44751862663577
50.325952112099685
50.40685827810529
51.346537376743186
49.79874725554356
49.223671767449275
49.381738648962596
50.7014091828994
50.672764657993355
50.33564703836282
49.912176246344075
50.25455672381395
48.6722673278079
50.342093346739944
48.27329724351853
48.919837006197724
49.56233054950832
50.175759127511185
50.10743596977926
47.92294255072886
fid_record:
124.06690980638604
99.01613990412716
87.14615799374366
82.18103489978478
74.2891620369287
70.63260201688348
66.27259669803783
64.38170468830197
62.02485759429868
62.07207381708696
58.87921309576495
59.76108335899977
58.09198794690866
55.7046472598621
55.49129155366131
56.43884249144418
56.89458116267713
55.14621348947344
55.60930244689058
54.694598775441136
54.954431068664064
54.42472150283112
53.76580282868616
52.98617671104341
54.14344915197222
53.015715551877236
54.81596252627304
52.285378628394426
53.02640350689643
52.43643542197685
52.26295950661432
52.99458996443025
52.595558817190465
52.51023558249284
51.651902148853424
52.97212300419784
52.583574267072606
50.94493650077209
49.924956841610594
50.743362680907694
50.91732874018578
50.99153196128498
50.67885480570067
50.73982349512602
49.48171127018571
50.53963821492272
51.40654050246485
52.54975095643181
49.684224239399896
50.256795198122745
51.08770722709477
50.483057456318306
50.23427426216142
49.60552235786133
50.16725519137577
48.945930502602664
49.31746615761995
50.11067629400907
49.84556966694606
49.51688962846413
fid_record:
130.049441793403
100.70161047686389
92.26286724567939
81.9956199925424
75.37872140244298
69.70075530391375
66.36823605953555
62.50001636524536
61.76989450314704
60.514091749743784
57.29686350972736
57.81927458533596
57.371977105583596
56.32426060387297
57.289123354048
56.15259087234574
54.20066130372021
54.5923082795822
53.14932740136277
52.83188388969984
53.35858572430118
52.75562972367965
51.68272507287463
52.0853672520318
51.64260855398231
50.699754244305154
50.19741950613343
51.112809820196276
52.679432631009036
51.3802523513674
52.240200883862656
51.91486966022626
51.45950097846929
51.12310347241862
51.10467252068554
51.3175431971697
50.29364005461355
51.087172990043484
50.37528648258581
49.84202540877527
50.52361554560838
50.66748057427782
50.28360632530428
50.574808157082714
50.33077512325184
50.441255731960325
49.74043073278125
50.322735027414865
50.34103790767193
50.822062502088954
49.954102035275014
51.00476784627921
50.37885307774576
50.49658967465342
51.01012970893947
50.606620323477784
49.46814259499729
50.39964036804224
50.006553544481335
49.66473385944346
