fid_record:
64.18931890803754
45.123254600069885
30.851114112063158
27.613964371079703
24.452146965638434
27.876545992881574
24.176795344608053
25.990349211018184
23.64379961193191
33.62298800716579
32.336318890258326
25.934048277259592
26.994767656415263
24.59334273594044
30.203163913246357
31.098136358275553
32.73546651164551
29.659950679292564
23.89138950337872
29.086003240918444
27.40881807421019
31.067006440689255
35.5527270484925
37.798636356830116
293.20765425960724
292.7056915057915
293.0081421397457
293.401622316352
293.1814437842514
293.3976680115864
