145.59626914367368
190.65086552081203
92.67412534879873
91.68130252195527
83.64823997514054
61.603740751371106
55.86556196742771
55.84954548430568
57.37104402338309
55.62274751839004
51.073830396806216
53.67256249059551
102.83542194288066
43.87801274174933
41.51934774074124
43.71407379914456
36.96075437085443
44.76781496177824
44.50177874234436
40.41207887476469
34.41428916053894
39.01854200090975
40.967201055339785
38.28307772259768
36.90337370835789
41.78539101809116
38.45380162187473
39.182040148767044
42.39755739600747
34.241742503662806
35.67111470193635
40.402640642665574
37.775816313394785
38.1564518054376
45.26606102860865
34.34263103912224
35.88656977813628
40.363996763054786
35.45243024863862
34.28177851586156
