134.22441171774182
96.6074531541974
180.0320343472718
70.66034059855349
75.69973277938993
65.42282425504521
59.39840316160485
60.739127293212505
50.51253324207033
46.94726601742707
43.55690711443219
50.322069924429
44.683327427335655
46.28125420404518
39.12420828952156
34.56564892447119
35.85544008114789
35.74936144391387
39.90143878393491
37.95722913743663
37.799944553774196
39.430679556269354
31.74355389304702
35.141099796167396
29.766243129496388
32.23257976992761
33.326972968636255
32.13926892696975
29.589698318382545
27.181372672571854
34.294660682383665
30.140252989810392
31.798561732775
290.0991280151432
207.77430097058493
223.91927534121558
233.4056053123186
238.08500494804014
219.7174378550709
221.6629229055435
