126.4376211112234
89.32760480432637
72.44179052502204
59.933507413621385
49.75652681709664
44.994468035991076
39.596338646670915
36.87830542661902
31.65206380666916
30.020520388181808
29.08093111656504
25.15064226063052
24.14193374159592
22.752097618554615
21.42339957389447
21.83521488781753
21.983593737902254
23.19885010145188
19.127239051602402
18.63582604969838
16.913943125935646
17.067467971008227
17.487450970639514
17.069852985352895
16.819082466507297
16.800683326422217
13.800655795278686
14.338148688672106
15.00920891703106
14.378784894110908
14.119053172315915
13.6968392110372
14.965624298220348
15.004037578921867
14.05755856474741
12.373755818571823
13.048238527690955
13.316189779100853
13.646594230944572
12.885574697350734
14.115538790784598
12.505199629713019
12.342269787264968
11.640515204559904
12.539379838612632
11.153980033955861
11.88987114955006
10.96988883657258
11.860102250260582
12.817629374467543
13.095072879242338
12.590126303499972
13.071267141086508
12.40421541103484
11.098103852055516
11.940497880977887
12.250783266975247
12.135595762899527
12.129871372115787
11.421379740932878
