178.9326758003856
132.96949380440276
142.1259519724175
123.58667784646923
116.53768454268209
93.85888056295227
102.34760023135533
115.06500000331573
94.83624571921325
91.25588035611332
85.20348350708701
81.69738426609729
83.35347333646308
74.71255070991475
78.53069150504598
73.54216842653341
68.13396777295873
68.93697803994468
73.63193348406918
74.47033678486707
67.36775951053909
66.03821065535419
76.34770248062921
72.28766327957715
71.09316870635519
69.04544718107161
68.91213290414368
70.10103326398882
65.06227188398981
69.02549092222887
