112.96127911352002
78.74179636805599
61.09112089182793
50.49962827625208
42.39720482618657
36.64527061716814
34.03917973915375
31.221591527189872
29.267466272403027
29.55995285555136
26.978705100373162
25.849285865641804
26.087410906248977
23.887254552353113
23.081780507417193
21.95918455042124
21.174934141124453
21.202742700315355
20.836762698491242
20.11365381059622
19.758431883734346
18.742365098919294
17.93294065061886
17.264104816773795
17.57977350612049
17.4123975436583
16.770741991963973
16.67621611982119
16.224931426407892
16.10006778318467
16.253386706516523
15.961719635621023
15.43645196435304
15.105709907448158
16.37787358424731
14.906974437359906
14.466799918363108
15.292899643754282
15.305296160536017
14.170295561034834
14.637892191402756
13.775843220975446
13.908057145697057
13.836479965292085
13.894921738179221
13.925366886252391
13.676072477726109
13.636161949426821
12.716217475496734
13.163831419253654
12.642898897255122
12.942981490413928
12.822009661645808
13.098568454468762
12.782335977069778
12.437467380170858
12.312725304613878
12.730142607089476
12.599647534386605
12.097897413574515
