fid_record:
132.8880618672821
103.45028740007794
86.65103087126096
78.97773394333228
72.09662786281459
69.62555454992548
64.415593057774
60.3576837571417
62.573853005148976
58.93474004652069
54.303145887516365
53.38354651155487
53.38053675759838
52.632486570522474
50.36920083113273
49.06060842817328
49.94812940808657
47.11113907776877
45.74395333122908
43.49803679461996
44.77633938409906
44.69162487778095
44.3921358463316
42.55150863048726
42.73357712997023
42.19026598694296
41.57405089432777
42.056604676499774
40.1754811415143
40.59357063639072
40.30132639177012
40.88945666223438
39.767065835685685
38.979161459497135
40.14091027911812
39.6160086931651
39.190880998573164
38.888736211861044
38.422613473244894
38.74892502550705
38.04916439405255
37.86062106987177
37.437611905351105
37.73142924609738
36.5509584252917
35.38769083971053
36.394245001831734
35.24716638893534
36.17089571761261
35.27592844573951
36.92980425853585
34.954733308756374
35.06527945810342
35.189148335932344
34.51323352749745
34.73132725739356
35.48128322702124
33.18056561374382
33.13305011878768
33.32196256609407
