fid_record:
125.69449251308669
103.6002861419164
88.85729024265044
81.60487339515112
79.95894764938288
76.66387640210218
74.7752358882858
71.35456477973264
70.6581199258112
69.78773339032233
67.81382643922052
68.14771391282363
68.08887933009476
65.68705191752758
65.32107761152366
64.68502857073923
65.2963897133763
63.27944627526347
63.22136877337914
62.536941051942165
62.00952665234661
61.5640185378669
61.064502675526455
61.499060650399315
61.30781593750635
60.2492506281983
60.5475407575471
59.78827930102523
60.26975675994788
59.71774635400476
59.90603242082216
59.73136382354909
58.66484963398125
59.45402419092591
58.64346325914829
58.09396646684985
59.85433862706378
57.57213626880059
59.090744229759935
57.876891754819155
57.72214967826801
57.31445958198839
56.11475023451328
57.337352542622
57.18928596869705
56.63819596344268
56.90612639135378
56.17619920826837
57.69471949516122
56.02846680446419
55.585602308001114
56.108037289512765
55.854615562659774
57.96465794587942
55.97328565153191
56.663888124783966
55.34483161371901
55.29658125233527
55.244666546156964
54.98942073135913
