152.66528406483513
126.4854109032675
136.9867874099316
123.63672070522034
120.9389618101809
121.48748734074661
107.01494498408283
102.97572289271255
99.40972167124511
88.83299667301424
93.82641125483929
93.83913047574282
89.42834987022343
94.44972634052715
86.32846508459289
85.25735129679373
82.42431109315152
82.44662110943102
77.89280388035377
76.05964775281825
77.77086400679985
72.27439953534383
71.11343562251943
66.06600024962614
65.5065451210923
64.93415615184324
75.78028448298517
70.73211463017964
78.79456309488961
74.9400615105746
70.25085142857768
70.59346148905735
61.617264140005545
63.92941587510711
62.163114849071576
63.65932659014601
61.61283086253724
61.675043592173665
63.488906453817776
61.62368952514055
