143.3079380585155
118.59189381000891
93.24976904002148
76.95274231334571
86.37068245414332
61.85001679340701
57.94066732755425
54.09221736037665
53.528043701272225
48.77896587772045
48.49258525602704
46.59294375265239
42.282085170876314
36.68851227349728
41.1046443558314
37.04933047725007
42.615029303793506
37.550622919426814
33.63489782545281
36.41498118690589
34.53420795561419
38.8847260035202
33.1728399053689
34.80319540177226
37.55136016758178
33.80772884562185
38.57542718873367
34.301161255828106
33.7376636550149
32.0528346650018
34.44015238270265
31.896896405294513
42.69222153895993
29.690087982661453
32.5142036359814
27.175645675977307
30.423567841316924
28.911683437659917
31.771824610561453
32.58803788586181
