fid_record:
64.18931890803754
45.123254600069885
30.851114112063158
27.613964371079703
24.452146965638434
27.876545992881574
24.176795344608053
25.990349211018184
23.64379961193191
33.62298800716579
32.336318890258326
25.934048277259592
26.994767656415263
24.59334273594044
30.203163913246357
31.098136358275553
32.73546651164551
29.659950679292564
23.89138950337872
29.086003240918444
27.40881807421019
31.067006440689255
35.5527270484925
37.798636356830116
293.20765425960724
292.7056915057915
293.0081421397457
293.401622316352
293.1814437842514
293.3976680115864
fid_record:
68.03590618559451
38.87854432255517
32.93419264560842
30.671423048588935
26.485010135190095
25.943841130260807
21.307679254804356
26.67314711760048
23.296947690271054
25.74521269908908
27.900298212972302
24.86988938811632
30.311345901805453
24.80357576316348
25.68195577847291
28.98306709625848
35.27470229751259
33.637610014706695
24.575634381803695
31.38724208084392
34.923857643042
27.786957809315822
34.59282525191435
34.556333759273116
26.145600732096796
34.108044527989534
30.722289649552096
26.809746021021937
28.00348956122116
28.23001862706076
fid_record:
71.63553514901525
40.096455642687175
31.776055340554905
35.367827021589534
34.1311696887725
28.2820920678451
24.78142484347694
28.156921778229616
26.200498919653796
23.618955222661327
33.331578287783316
26.918621198740993
28.590667170770786
22.320890791102386
27.317792784216977
31.774242923682152
31.970864800893935
28.22998555442649
28.626922754415887
32.97682555449168
35.69649158282493
33.12099480153833
35.00589269353122
29.508636683351085
34.5035705815836
38.24580853987328
48.74883678411069
36.81829903959306
41.793470059769106
31.339412280448613
fid_record:
56.29105520498155
40.41079538359901
58.90879600053387
29.717265996472776
29.041926642545548
26.60076401877464
25.91121722892862
30.90734280675906
37.34028497471493
21.402533548042868
23.87976666232538
23.57296738386748
20.937347673667063
25.65246929354535
27.041321596738555
28.545956755038958
25.942880629055253
26.741941281461777
25.538262514473814
29.04175750607638
31.175848024783704
28.280215947082922
29.075854654341555
27.854848226338788
27.979587318085407
32.099548863525456
33.58718846652616
30.223577786228475
45.59996196950286
43.612425648020604
fid_record:
58.39164120696455
32.36303555751542
31.85272663391993
28.874604322354628
29.915216885695173
24.543021731825405
26.006777989204807
28.456354487144353
23.51745357988122
31.545587463887728
22.701283723561573
27.191653683438062
28.04136857587082
32.72626338413511
24.495215247348483
32.75634149063853
36.73784178530852
24.817261062343988
25.808918451585555
25.291259032141397
30.120701708902033
29.782384399145997
32.042835131856464
34.457653329433725
32.630321203334574
27.627238476416977
29.96930308372646
30.30875936571877
26.722325203778126
31.869781203299794
