228.42834172350814
383.3686011293291
384.6853907327899
394.0434962197034
400.18040438630646
436.89248444859345
402.90304150538276
397.1960292105819
370.14138425347903
351.1129845359751
354.0762299440386
336.77665692427615
335.39255309550487
334.16325716296024
323.63203937755856
295.30741974291266
339.158987834893
300.1770917438048
178.31666332056352
125.07957408836785
113.07311476938276
109.6628926370451
101.52368495057186
98.29513245289195
95.30766474560193
90.0901903182284
84.95550178596562
83.98631842343781
79.34398734201352
75.74773325411485
74.97600003954312
70.90787985520495
72.83911883729911
70.32294343290073
70.3379534514541
67.89790790627029
67.00337258484228
68.47271897275573
73.99779734239343
71.59568857048066
