151.4514503666802
98.52730450400259
84.06226402097906
188.22923171051696
76.80979555695046
61.235433602283706
52.963446811218034
50.03602498221733
46.927604478958756
44.03548612359714
43.15190388423889
35.70625455127026
35.679301383231746
36.596704315628244
33.03321960524454
34.91365071509915
184.6100504963036
228.718253159984
265.9285971895189
208.07280666394047
192.76902790461438
184.37539036098923
176.46081626310456
188.25822807427568
196.65716728339544
190.79965748625474
214.40543706306659
185.6966426880449
233.37132029456916
264.07926988772533
302.10002658051906
346.02136595085034
278.17847618292745
328.695513593197
318.8857170615463
354.58965461089815
306.9789795909406
310.6159267837402
300.97300951442435
279.24912907331213
