fid_record:
88.69788552945903
65.76179827775115
56.94365618320012
55.54179940317238
48.57069040857283
48.29931969198219
49.155098477213016
58.46516365055078
41.591177033316
44.43469099054681
42.57264385174847
42.69079463319673
44.584038891673345
45.80422062111734
43.58593119128636
41.83971654182386
45.78031584641877
48.41239569875893
46.470686653617406
46.59708601822797
42.478817384683964
45.6880716396243
44.971180894606164
46.066012915119984
44.65791619703771
44.07134270700476
45.66440898624637
44.52057848200582
46.34639658981712
44.1928930612259
fid_record:
100.2172920819745
67.52617485901806
54.4859746344178
56.78410282285631
46.92789492511082
46.379480704400805
44.17985845295442
45.62434584162179
45.35045109436902
44.03026070199479
42.85091228769477
44.72647076957958
46.3255088012761
43.076957226266245
44.521943191534774
45.41374743181791
44.209775528573914
44.739023298705206
49.78435408978453
48.88559630793151
49.852159068678304
46.343803459720334
46.672114163532456
46.89831503657166
46.573655777429394
47.06688445942763
45.64871273121997
49.36705159824248
49.359905255987144
48.83762673016497
fid_record:
95.59523213471385
72.21782577127516
57.01873746013257
54.78866016387218
50.55971169805537
49.25918753338033
51.350745621437056
46.94669360462996
46.44987745309135
43.13655642445889
46.99070792453051
44.69871157082048
46.85383760754462
44.95574157640573
41.6332316593228
45.097950932370566
40.31603061013851
44.23246019728265
45.294266319723704
51.64973687276796
44.6349912913808
44.62308893480679
46.21176250856263
49.74200127725595
41.766890649894606
45.104524605265794
42.29197160460808
43.51091149148834
42.99188157108347
43.91241906519991
fid_record:
93.68205058514297
93.29926336136293
56.2344402602111
55.57423024871326
48.04208538440946
48.62670776453399
48.50879172105175
50.64826310866101
44.38643641015602
44.4816576130454
45.486295961904375
43.49879485452311
46.51202381948724
43.86536326850535
44.330771310775845
45.19482217116399
46.04925308403995
49.285965727892744
46.16781280042676
45.42344310384533
47.3979176412829
48.766695376804364
47.16779024165726
47.66059346912192
44.41493670592007
46.92716158469551
46.52544079548181
49.220787822456316
44.627426359324204
47.12201108756909
fid_record:
88.53970557309543
62.679793073509074
57.49553746507246
54.58441778029362
51.24631514362477
49.26089810552054
46.76406571574995
47.33236761463104
43.539858461878566
45.05853123374163
42.92728998556862
42.63743392301882
43.33412318128916
40.985226315625596
41.999380654845424
41.91279567992581
44.2419239749388
46.21454970873589
42.97226250905965
44.48485708008542
45.429850831248245
43.370225085441575
48.5136003701075
52.707243830627704
47.889247511901715
49.194509862624045
54.04373282492372
45.79187270366651
46.114114859999404
45.260559241414626
