167.9708337241894
99.08257646592267
83.60693943677194
78.11589438477694
73.43777048538391
53.996418821207556
54.440760718092974
53.916353795507575
44.25997263044923
41.703234705998
41.19735821674749
40.59384643304236
35.64250103429333
36.434726388302636
35.1784354337899
33.7138139059615
29.584164116110856
36.050398028356994
30.20474932952351
33.05571367420413
239.74185161975055
213.41564647900168
241.53267563499122
220.49647218950128
366.085756115507
254.84857206983946
266.82866577586634
207.90906027147656
191.32288820066626
186.1189499417008
219.02864158862974
222.82192864748419
279.7691719055673
294.44586364810027
292.9949493158684
274.67348268745513
268.0372375306592
258.6537824107801
248.85764947093375
278.6305001696612
