312.5861311918251
74.88637594765544
71.45394788179385
73.50169838676982
72.95336935680979
66.18637135332222
67.22791691076145
58.58642499426605
63.69568814622977
52.53359957573775
52.64637096606589
50.76684027092466
46.50135598757714
54.442507627809164
42.21357329636504
42.477621873225246
40.97981527653525
46.38681146229885
40.91769154495552
41.11589838587349
37.68408708152998
36.752946161090904
36.45198660240203
32.99011596955154
33.32820313474343
33.05878166072739
41.1403894875923
40.37517347808
40.930449067388736
47.94105805460367
38.55543441765599
44.47873077456774
318.8922500560196
232.6262695461415
41.301420567402886
41.088695318592215
384.23134750303973
250.9976779431786
290.7217960608801
261.2145594371082
