407.1452434721972
407.1312664062312
407.20343902246424
407.20668090972424
407.12702028778097
407.11976389644633
407.178722061823
407.27577437366637
407.13948545795074
407.1479839604061
407.10244192648156
407.2042992757366
407.2060139255761
407.22643146390953
407.1518552430629
407.11972495263257
407.1278400626363
407.15517901060355
407.13359648032616
407.21430609580955
407.1435391218008
407.17212146845117
407.1458523573612
407.21135592956307
407.218584992261
407.1141535055965
407.2140157654934
407.0252997228802
407.2377248576585
407.1495236910597
