fid_record:
216.17211597475966
13.872386348476283
17.97891043122425
7.402701466031175
7.508847639743493
13.69964539345483
17.38636591411705
12.060225994368324
10.751705936736386
18.91901509232264
30.39198809386204
19.09560671538054
25.77056368078263
356.7519532505348
410.29149699831726
370.69135603406164
161.55761064753068
209.79395305224298
181.45769069854163
200.44471987263597
200.81573846756206
131.93697698357494
113.17216552478129
98.51388143503686
84.60740760377254
85.06133656869608
153.08326006980187
98.2250374917001
84.99387273086407
72.9430185494328
