fid_record:
78.12476691379646
61.811029926483286
53.693757642079845
49.79085599481829
46.75701434689353
44.694829616297056
47.46165646409577
45.31166985897312
43.681198756316576
47.66398650255536
43.683630746263475
43.92961420810104
47.18060053063982
45.27214450883844
45.35652460835746
47.387519079391154
45.09592557636762
44.0038864732054
48.48908014030502
49.34041440565113
51.865040887509224
47.78321861916254
45.780798315747234
50.22612031687544
45.647748648596064
50.16564764754253
49.54060142902068
48.479123806296855
44.88689520824482
47.78656460731014
51.07804258671882
49.69901504744615
52.57234315639295
51.13516912383653
49.782860873549396
48.93516300598185
50.398145381079814
49.275773442500736
51.61517163897736
50.85631916490706
fid_record:
84.9395755412188
58.65408152647541
54.30451859823654
48.18819771100732
48.63646224820195
43.7690130762669
47.156611547234945
43.721344571840575
43.710072906912956
42.93099938391134
44.97878347962978
45.257606223422044
44.60478422902037
46.07331529515591
51.46267942252848
50.037327194202476
57.6995506967732
50.084386623468504
52.79598028613691
54.001004070842896
49.16890842927876
51.43879019460712
46.07710103066364
52.75233475256425
51.186714539520665
57.74372467652432
50.41403192494528
50.31834445450113
66.16515683124203
49.110588404544785
55.27759432675464
51.12783003286199
53.25234727089406
54.97886730286194
51.951403994441534
54.376981592204174
52.91658534570553
58.99899949730195
55.032836674918144
50.221861427163276
fid_record:
85.54443977598328
56.751095867954064
52.04511828531065
49.21152235860853
47.07485650657691
45.788696029844175
48.38403808582143
46.15249219984702
50.319239064724
46.18939065373314
43.92561321231517
45.88189526892512
43.48514537481287
45.60381201359388
43.44832815560585
46.84491326499307
44.14485371769922
48.3663076465682
51.156599590029714
49.608022670425385
45.29657694550394
54.84375031365846
44.636227847209796
48.72771453750778
47.117321089781456
53.95488884887783
49.902488491302165
52.85590445280394
56.35450941038391
50.54069210918749
54.85724990929822
55.396247559366884
53.059252929215006
52.547180863169615
59.929719332222135
54.834965163145455
61.78834443212264
55.44657307396011
52.41988631706016
51.27682438692483
fid_record:
80.68234741155601
60.82507931673143
56.36110154774184
49.72307457225213
48.682577212503645
48.487551965976536
47.20721671193928
49.65134341523384
48.29273806403262
47.00213778371756
49.11519397453577
49.56093163272715
47.764301013649
45.83317933003195
46.97089673777725
48.016606597569876
47.962882948811796
50.28370077116398
44.020623284139674
45.27803384442717
50.28261063861294
51.01338719360649
48.583889020533206
44.528863843114834
45.59992055029102
51.87378330522705
49.14438184703033
45.35063633931418
48.617131010775836
49.887679039230534
52.310628487754286
54.1691637416331
48.45582300580463
44.63109440578853
48.76652264730001
55.616930328997455
58.58497016463275
53.210085027640844
48.8825783864919
56.4121533115366
fid_record:
81.52907348212761
58.9896348480309
54.148740214332406
49.56609310382913
50.14934559080257
51.61319001075202
46.795183576964405
43.00438963540597
42.07572345048749
43.699276485746566
43.32171310610431
42.43707948176569
42.522918182373644
47.68964949840165
47.30134894099797
40.219691495329585
44.13368135374111
45.72325558832199
44.211256407035705
46.39655754780415
47.98988079213672
44.574331208041485
44.01815623247444
43.6163247503564
42.88350786460376
48.51840046629604
46.00557144194278
44.694745919819525
47.04808846585763
48.32336762179074
51.86174614573224
51.65901497900876
52.164783385007524
49.20122735793848
59.370679288587326
51.10065868321709
52.555605427372086
47.86102432793376
49.492908302487706
48.84359351066746
