157.94381757170095
122.26300619114176
84.0908230479858
93.2760435592561
96.66295862736644
66.1715492555366
63.53771068839666
65.86572877997577
54.007924339930184
46.665110556575655
43.711738564118946
45.24769935469783
41.77838473250233
38.3190129223068
36.72514192905675
38.5780749094007
36.25146790478664
35.76585620813836
38.25242187720289
40.6733143154986
39.15789440551265
34.6445502767354
35.778644212000756
43.254118307557235
36.72125474088472
32.919663822312316
35.113253414048074
32.347244323170116
37.11122457563971
32.599051209486504
35.8060047987218
30.584656920572456
33.72266772580355
32.84252643522291
30.06468091091267
30.23897246027633
29.18614326806454
32.12548161319404
29.993940912005996
32.00751664468447
