fid_record:
8.214920416347354
22.956926960105278
14.688243069176593
15.765503339466704
11.340929977288397
10.767931461943533
10.55048381550705
7.594898494881647
5.420137156199644
6.785111228390093
12.339848199928952
10.805179955511932
11.985799204387831
8.569632583555403
15.793995823687737
9.59035342584832
8.059004405190592
13.48760113308444
7.093379857495734
9.468104902972783
11.751259395941446
7.515323157913656
13.110048519071313
13.628775831565434
8.831848406310314
279.2030868952261
386.8282256476518
589.8816317825355
517.3656963538225
243.33342919251047
