285.5444305198456
135.44471503790112
87.78113140470424
73.88848870948391
64.78072764631156
59.939470653765056
48.599234199038676
49.67388509292283
49.57458727866708
54.000232070537436
47.58300670559879
49.35832311417005
48.43326633349221
48.71958385580797
52.707566390421675
49.35243656785639
50.2861639673057
46.59403430522207
42.8454625883702
49.13915780096352
42.03538562124362
48.41574254802458
40.31870633400109
40.51317105403075
43.00142431737686
38.87565339544267
41.92893608182709
44.221604811091765
39.9326977060806
36.36105641148572
39.1526973520439
37.72603240001786
39.13198342257863
38.33717161108001
36.43263577321727
41.67019093451597
42.61361697181394
40.89579276633407
38.819760100321105
39.0537804638613
43.6842340070109
40.79976402194802
43.18791654274605
41.157896166849525
39.339483239849756
37.94337775659676
38.712280052726385
38.82394242523492
36.513634683775365
34.67792089856397
35.59020828043623
45.06909478828612
39.86993332013452
41.23331689886925
39.07813656344075
41.30875604994446
42.10834145653246
39.997235935310414
43.69114942369805
40.67401857786558
