fid_record:
80.3488592596027
48.64851732792221
50.32030745421184
39.69931875064714
35.69357596746045
33.436191477235866
31.331901818316283
28.74751630088133
fid_record:
107.58475894913636
60.468129890488115
42.224042186957604
40.03122779004525
35.5848515944237
32.58617482981367
29.92322124911243
31.373205242623214
31.464688556283022
32.681925164659276
30.799670654459476
26.347987123561552
26.829749991305448
28.256163152046327
31.42126939517499
29.04789933780836
23.76688450430248
24.14553439168742
30.737647452225758
25.33793934528535
29.944941921259613
26.325261471463364
27.132279487613914
24.10230276302019
24.392491732042117
28.21945612007835
24.489906432620273
23.68361996034173
28.55596328540139
23.456132198168632
24.405495198891856
28.062793032172465
26.29129212447151
31.647492154328745
25.13403078013374
23.66885075803316
26.26725161964083
28.68894546270957
27.238464850137518
27.31951119029884