fid_record:
79.98859640900406
61.55708471625081
51.7614805474567
50.44768844308419
64.54661842259054
49.165991307413776
48.86226926648908
47.18869663838154
47.99413795602044
45.57227851639317
46.23309345090024
47.34066924818853
51.92491675721345
50.61673098060635
47.83228370823082
59.293369337847025
58.393374626325624
50.95395811937567
51.3520708805172
53.016711737540845
47.83473819804965
59.124853891436146
50.09642412906123
54.24774529688784
49.71576751490551
52.4796211078405
55.05803881330655
55.15633027817421
57.7322096976568
58.066085725370954
fid_record:
78.43533583716419
57.29975019038915
53.25258598337018
48.22787595660259
54.19969030346226
47.118208566958
44.009183153003164
49.237210774573555
47.81510962668068
57.25107165112058
53.017788520151726
57.383417415521194
50.526363961133086
52.269221064818566
52.07892841017389
54.361577700162115
52.443230917615324
48.25534239307524
51.21681062634832
51.188300155830916
63.33727528686467
48.89717981933518
51.75381474440553
49.18567753499741
56.56049107009767
54.30800886354103
70.26674129440602
60.91985513631812
57.657828549679266
64.24699342662723
fid_record:
76.18671067855854
56.234136069186206
51.47160156413213
49.427680280591176
49.34853448385394
47.204131646423434
46.50966604679684
44.37223280978668
43.95478866661119
45.589587229497795
45.204094718774456
54.31417074030668
56.77891928925078
52.180324185033726
54.59510508980139
55.34504137297165
52.22915211599127
50.23365321389343
48.99145706896445
46.75892062594164
52.059260454439084
49.20574956205223
50.653910490716896
44.55190679436072
48.258521348228214
60.02753980266726
49.70818632280191
50.7137763560379
53.40351661873086
50.09109856195329
fid_record:
76.23207809373753
56.283223106869514
52.09087991528884
47.92760377873981
48.43472902378471
45.869916559433705
46.81079989983232
49.115112249571496
55.76033724038916
55.047511692470096
53.56874757896094
55.19592097359066
56.924143120380734
50.168955629433924
53.15296593681779
49.70688216906109
59.49656793309862
49.55256830967119
52.89348784309925
51.82638837254973
50.33148901816884
48.91168634801443
51.42404864836004
48.92222059566831
52.47184373201185
55.8539711958997
58.784740130250555
58.18791905537563
61.4701061762417
65.1400952977072
fid_record:
75.19463985544144
56.162165163454176
54.73219489544107
51.66975024451665
48.45021368508958
46.98322071603059
46.22320410167231
50.46909425364055
50.263977254594465
46.75375041508903
57.493325199748995
60.71414887445161
61.224037450626895
52.59604136279097
49.0346706566973
55.04589714045534
53.34594579708812
48.76020539669395
55.45816356284524
51.554080116834825
48.00554527048894
52.67965784968601
54.90412331786024
52.61376746496035
50.45334377226726
62.41248097706193
62.109165109867035
51.34404933182907
53.18636677938139
61.12300278115936
