fid_record:
108.13471737063924
61.27725170091185
49.931957031190564
48.054676042133394
48.362237637405315
46.48475951937803
47.42724344565028
47.00909696267661
46.15396525752118
45.69462918805027
48.866868742524275
46.51314430440317
45.247792600157595
50.99891184127597
50.661528031102534
51.28139003334502
48.94530809294315
54.730232081235044
51.04236926506411
57.418438321961105
49.8667691240276
47.99110242532788
54.54847199473761
50.38419844863921
48.465383303921556
50.653884354414856
51.63196930045734
53.03786509828376
55.976201885974035
52.491241480935855
50.00415224459982
49.78083784986012
53.01612964818412
60.321626329409014
61.153202056969235
50.83484963457835
60.70946147464389
57.731379060102086
61.09537331799629
67.56895371183396
fid_record:
318.55241921073105
61.83117992539587
57.81623265511428
52.971398487532724
53.953104642045446
52.92177742425946
48.96814221108423
49.499397390666275
47.16359928187666
53.924401389731656
51.20395679305972
49.36717215468633
47.6784491553517
47.86018225536594
49.36465604743415
51.35324363375776
52.7967943480964
48.1941187462499
50.37944302056479
47.861409036327586
48.796788871166996
52.139457170941625
49.47500586138335
60.74845145114699
54.82145710197983
50.685209629902886
47.9021659611405
50.80124398078419
56.166874733260215
51.95578263380486
48.28306445286307
49.61194465878117
52.710395819481505
54.95233826049224
57.16910515764255
49.521399268943355
59.06324013570128
56.11748666775162
62.095086886983665
55.23461257961401
fid_record:
90.95656739620921
55.589655772071694
53.62801590258624
50.746433679564575
45.59440860587392
45.4676393549787
47.55346432050402
44.150179280968814
46.53924603039911
42.808508247266616
46.28853570575939
44.3566971518826
44.256373632803275
47.0910116710362
50.158997577628156
47.408246125961796
56.481152005216245
46.36727312725037
51.78992420389079
48.45586328021545
51.116700697137844
46.89705544467864
50.866111557720274
48.06303915298514
45.18139847163337
46.80176783766518
48.37370962207439
50.04629031450099
48.8782969837298
51.47547537354103
46.83741779659749
50.433287151341574
55.04310299395627
56.60194466922195
52.97398230726026
53.33761916559399
50.15788289021896
44.41027024640283
50.20196742305484
51.109914441578155
fid_record:
82.52727364490227
56.86827321932634
50.632590239226545
49.65976682812277
48.96174961915227
45.775215126205694
44.91688385487089
45.080995983805906
47.6595944440362
45.28330192411971
46.17968265968898
46.692272713139005
44.3870801569127
57.13114471134014
45.4365974389799
50.03998778712764
49.85008552856323
48.09062192338871
51.061068224027736
45.80919023497978
43.16544696849502
50.64762981646891
47.82873172187851
51.41292486262415
49.17928193772309
49.86889345671079
53.806796410516995
55.530709287369746
55.05765226760991
51.09900221436192
50.60427468728193
58.43489225975878
56.850514381588425
50.14081937648996
54.66883164409529
52.608604535379015
53.0104100927764
51.9737469918328
56.1226817423821
56.68257250520742
fid_record:
96.69464171988642
60.67899769583278
53.29817853423276
48.46880546271257
49.77834403351602
49.316628747034656
45.656803285198976
46.64887484535723
42.07662413737796
49.46283120555893
46.34978361409105
43.8899632228771
42.964336733606046
46.01867952605892
48.585722767811376
50.85832475612716
53.86761787782143
45.91474616225196
46.5870177537231
45.57162025293843
51.19155386357431
50.937537818380406
46.84391945582058
50.38250951189576
49.35526821830496
48.53580126960156
51.13732450406701
50.312748880939125
49.92194845694445
48.6958601820192
47.6004168056449
45.91092760906696
50.873428967147674
58.46358936628212
54.60863748345963
58.353208623511705
63.18468525433025
60.73384632890577
54.81871954897417
63.14000158164151