141.57334293030425
109.0259259644289
90.0126467502572
79.95697542649134
76.52507215511719
62.213836815482296
58.47587701726121
53.70946494133551
48.30235446981692
56.89746859856763
47.56821586904505
44.420670144037445
40.2970284580241
40.6615547002732
38.59839354188301
34.04780174835889
43.75045258264595
44.655597717470584
42.96072202243914
40.51505852167986
45.19409607579587
40.7284905215227
32.77213549161161
41.250420007267735
34.831629979296395
37.411314129619484
33.86870375601927
33.88081201430106
36.542256029595194
34.579800692557
33.631356438978344
34.36870420222243
28.16985964519307
32.266361323500746
28.98681886703946
30.892217622396856
30.062889988569054
29.0126695568149
30.437079746626694
29.205801921549664
