fid_record:
134.00719749170935
87.70267912430512
73.76319217204713
66.95349948480646
70.32415959478476
62.4479471891583
60.88675431496472
66.39035902716728
61.4198170834311
63.52022858748387
63.38219594676008
65.0525700259148
66.11925020024091
60.86417723350638
60.091708872283334
65.9452468186065
63.00164437119025
77.89676295333749
66.17734738591162
71.0251075534444
71.067018376808
76.45172426308875
74.41123431368146
77.71744214701539
80.72917139343122
76.30560857404396
100.82764598225634
81.42384482637055
83.54944910116399
102.9718455606743
94.1194805198752
82.62889079166604
89.55305719867158
89.58518141724284
86.62136558486776
89.47038999168251
93.13096169847563
103.9661134123221
83.39402943465262
86.1806180995207
94.55813811604867
86.19045913452476
95.98144490071212
94.69248456661671
106.9160966677324
108.66619711514682
266.68202966179024
221.8263988076126
217.32194207177974
224.20756210849353
222.8166270706015
236.5906337824593
228.31483788578794
229.36801525380105
218.3245242247147
194.33718295529957
241.94779314693838
267.984253342783
209.46316590269822
263.39091394954727
