fid_record:
78.12476691379646
61.811029926483286
53.693757642079845
49.79085599481829
46.75701434689353
44.694829616297056
47.46165646409577
45.31166985897312
43.681198756316576
47.66398650255536
43.683630746263475
43.92961420810104
47.18060053063982
45.27214450883844
45.35652460835746
47.387519079391154
45.09592557636762
44.0038864732054
48.48908014030502
49.34041440565113
51.865040887509224
47.78321861916254
45.780798315747234
50.22612031687544
45.647748648596064
50.16564764754253
49.54060142902068
48.479123806296855
44.88689520824482
47.78656460731014
51.07804258671882
49.69901504744615
52.57234315639295
51.13516912383653
49.782860873549396
48.93516300598185
50.398145381079814
49.275773442500736
51.61517163897736
50.85631916490706
