139.16758195572248
98.36051675297153
123.310074687611
79.61538839798101
134.74553018307768
77.59776818192984
62.74345750803411
62.36440412228143
62.648885941283936
53.76798036470615
55.58767980687901
44.052391091812126
44.55643357083363
41.73538508381927
44.08551393422533
44.952200425668025
46.23572626781714
44.009151107081266
38.61634031557594
34.64111727994401
39.8389158068108
42.974733018055645
34.96842487512765
36.17123159172428
36.99221021914974
35.96351214789979
31.82990736307613
37.22451074474253
33.54411435284459
35.66420416013722
31.730977113261815
37.82823876752451
35.95558035641841
32.05077655755167
36.039998939550685
33.297865464587744
31.67661870291647
32.808618587223464
34.19484110244133
30.071701124939068
