fid_record:
69.58577729263806
50.26796008159209
31.677536137247586
31.44008734858116
32.96141251637724
24.37956042779703
21.0995887558839
23.961945191837856
24.27563543543596
23.71787379763728
25.59138644650909
29.395815340779393
24.393768788345284
24.923408259122482
20.492967981927535
24.898639942573993
22.12890844294543
26.753499438686106
26.909336750945272
26.159161721751104
20.9329844589397
26.60463080191687
29.494825002422942
27.935084495644332
28.15870226905517
26.28587438049999
25.43772649082473
26.852631046313206
29.893001312650114
31.08327854727446
fid_record:
72.58428759694124
44.04927000016448
33.60944047170875
35.67503643592278
23.838232329385562
25.635092358735562
23.96607781596208
23.72894934543129
21.076287162625988
18.268190230658888
26.32020153605353
26.928063771107134
22.477427493554302
24.88476280676153
27.442948694102967
24.244275546887962
24.065510935377944
28.403916016758217
28.01094007796155
29.424132848003865
38.56519864576367
20.60233383197877
26.438883281855027
21.08175647807272
24.526520347923736
30.938293665709182
27.294199319506248
28.3351150488258
25.404519783497477
34.078971066813125
fid_record:
61.06056751673006
51.32487881393811
41.06462797121151
31.98013791932044
29.007658298203182
34.309959701537196
25.11034609529645
28.701277636055977
28.32470121920244
31.13794542462807
26.968419850381935
32.54053892364814
24.8705792638317
20.14548009811952
25.770079024350906
23.901696199268457
25.17780144195484
26.620176245183814
28.49750312677665
19.196161911309673
31.72379749293654
25.089601446262662
28.088300669466207
26.91707811383219
31.10516545812115
33.21533128994119
25.938416386680274
26.639317062197335
28.029941183784018
30.663103612750973
fid_record:
70.07093815472206
41.30818176054427
27.95020362621935
29.700525137161776
29.145811746137838
26.68648651999601
23.053275644057038
22.969564563850554
24.906271348589883
27.458826724615676
29.414967370833693
21.605432021717718
27.01396451651084
31.903763537029704
24.222217744395692
27.02826395395283
29.63471188968913
28.143102950775784
32.61552260996771
26.188873644956487
34.407109370150664
22.35942071083116
24.640449411921907
23.835593773138072
30.164118284084623
23.897503650749172
26.30987427407709
29.16505268007799
23.52332452920973
28.328385009675458
fid_record:
63.40839351625263
41.70468259457857
30.560821096810855
29.86573184625624
29.271805680084583
26.47320592720567
26.279054224326018
23.0238960049966
34.76168965025971
23.339681867602906
24.8498491822385
28.086634716771755
21.942957554377443
28.919312953998144
28.46602303791144
24.93122242075438
26.21172883439033
25.102763074682287
26.726032867925937
24.779454764618777
30.567215773580244
27.78690908736155
28.068988521072157
38.267062547685725
22.49238803926508
24.65299170535178
28.36590284141795
40.26421071077027
26.87114344472451
29.71131811499211
