154.00939144954773
43.24101588738572
29.465278907595877
26.848328233909093
27.116240537033594
24.367002019962722
26.02778601466459
26.116303631277994
25.67382395621126
25.517227082830782
25.986647568890703
26.550881798928724
25.916300668224153
29.977970971738273
24.380146089031967
23.627225997091433
24.29938225179152
27.152885004418653
25.76744742446378
25.48245968285347
28.441371292592912
27.754989909827486
26.844853501185902
26.688197158373498
28.51965369245221
27.819138596193927
33.36109701476596
29.786613356933753
34.255399989429506
30.31419108175474
