fid_record:
285.5444305198456
135.44471503790112
87.78113140470424
73.88848870948391
64.78072764631156
59.939470653765056
48.599234199038676
49.67388509292283
49.57458727866708
54.000232070537436
47.58300670559879
49.35832311417005
48.43326633349221
48.71958385580797
52.707566390421675
49.35243656785639
50.2861639673057
46.59403430522207
42.8454625883702
49.13915780096352
42.03538562124362
48.41574254802458
40.31870633400109
40.51317105403075
43.00142431737686
38.87565339544267
41.92893608182709
44.221604811091765
39.9326977060806
36.36105641148572
39.1526973520439
37.72603240001786
39.13198342257863
38.33717161108001
36.43263577321727
41.67019093451597
42.61361697181394
40.89579276633407
38.819760100321105
39.0537804638613
fid_record:
215.9664056456349
136.51983074073945
112.72211912773537
83.32863832763297
71.287385508064
64.77839390012213
55.73578006028339
59.926477995192045
53.589209691059466
50.26327903596314
48.71359132586582
48.14463088623711
45.33683963882811
44.40662023682364
42.259638690254576
39.11912270969509
35.87363928505488
37.901242060899506
36.45705774624645
40.172926172870916
36.562893479763716
36.84974421211223
33.67891959273339
34.80910964643857
34.86880241942782
35.76710631817309
36.77768977520441
35.09511761294965
34.04069107175087
31.90328491881462
33.325534166558214
34.43167649665793
35.728423447591524
31.941267436174087
35.2123315565139
31.1785877806754
32.791853102728396
34.263935065044905
29.559446900973626
30.841156840168765
fid_record:
257.13694951279325
162.73734169281101
105.08615925600952
83.93126405300046
84.37981637829466
71.64196628835691
68.74712336115664
65.96838139853253
55.37196372111998
55.26692207611535
51.19194946136031
51.30101521207541
49.72582676230479
49.8615671035879
44.034594333337736
45.78439750896928
47.45187439276481
44.21174356776862
41.762197328267746
42.34010766127045
44.31406272064288
41.300362566831836
43.21606214156213
43.613360850381525
42.482930207135325
41.921401678216796
40.406799100946785
44.82078954708828
44.13336332707365
37.1347102083858
37.94886742195092
41.51322253539945
39.58164929103475
41.564864582565974
42.371777287943644
40.627564647746226
39.041121969059986
36.40935398814372
36.498759647012434
39.33891064213941
fid_record:
257.648947736786
167.59285929056824
86.37778992668086
70.04591917268294
64.6062773426878
57.053706073291664
66.08413658385791
53.06928154586376
50.69937573789457
48.783509938166844
46.966521090708795
46.52978829053404
41.48950673054418
45.70987661685905
41.30913562611511
41.71423410408357
37.881325345244306
46.06552253069697
40.85591105885089
40.15876546220875
38.96331923915693
39.350297807829975
37.10834578508002
35.93491130980493
38.71921912283017
38.47677070961282
38.11875161588273
40.04592829922842
33.62708926801349
34.7644637183821
34.367227701755496
34.24574508239215
34.423263277633794
35.86257813340086
35.69620175229926
34.96193029786264
40.09918174767557
35.65555489813784
36.71316830560761
34.25882009970968
fid_record:
308.37404494896396
124.39003874847344
68.10717037036682
53.89872363859763
50.655332188613954
48.10346801115014
46.12412881767028
42.33486063778366
43.21394468675754
41.22863611352989
39.721556848586715
43.81001983754385
36.97748231929836
40.84226503302796
45.39878485818696
45.88345431051562
44.47175625682519
45.742701386457156
46.95992423108726
46.9838904525908
43.03160351633733
44.2850218639752
43.349080342206776
42.643618260525216
43.496657916428035
43.731883371756396
41.00131407566829
41.64377767353511
38.789693420574224
42.10709545010195
37.62714498093669
41.7647432566863
37.57288256966558
39.03580153492089
39.923320495032044
40.16524402352127
37.41938077406945
36.223957943465564
39.29658213687253
37.97157922493534
