fid_record:
101.81877527305454
63.324099356149304
49.69631970026364
182.55562254996556
40.19946969887599
72.01683450905702
37.57382803531479
31.029114580207818
59.72141178149275
18.36148516440653
39.173922229190595
9.902686930550885
26.304495704139185
28.326047849571978
10.513649655800748
33.018072454728866
27.148640607889718
13.691192252471694
17.996326510633025
8.55977133403286
12.55281194684386
8.016985521414654
31.02070522305553
21.604258283959382
10.193611250729163
30.49482831741892
48.32856942697049
8.528720089737561
10.776998423305884
19.5710603842829
fid_record:
215.86362261431515
63.60540937064647
31.02237242910425
27.427549835059494
59.131518955274316
29.862367731670133
25.74536934565168
30.073932884613356
13.517540527865208
17.5465407830811
12.419272011919247
32.254705849435254
30.48324338107244
15.41024954105768
19.68422392002381
48.186378039383726
17.1379931361397
22.863038326788512
31.306039715173142
9.07622790487082
22.329549351204292
10.631962070766207
21.765343270468975
9.474477371108861
9.36145408752671
10.637650685279453
48.20489019621618
9.064102517635462
9.108556120808117
30.75082847189134
fid_record:
98.20212106438595
42.00380285715957
29.996639851354587
38.77068410457102
43.013457808868935
30.163277867522055
21.66162300109596
68.86859653184484
16.878200952153236
18.461996002172413
24.15195186688925
37.743199671674745
106.95962110254203
80.18688236232396
21.573097805071427
10.1624158436436
16.917078494227894
14.119434057488803
19.986954083202278
117.72113387027315
46.53703875887447
21.4555724612311
18.040102938767689
30.924684435490747
27.153574358558245
33.05348793382524
11.05055241364036
25.050889349249815
30.24416371603843
28.180142079105309
fid_record:
99.92970246403098
115.70568930314118
57.15501315978224
23.64087910803704
52.55141182964488
34.31206359235614
13.806282669746281
49.33657703280957
19.25819151002409
27.174282535511367
17.64913772999671
11.87619734905968
16.50294779904877
29.51191686312427
33.85085281271273
13.172201428954878
17.632772773131336
87.28444858610757
11.185707531814899
20.63255980651013
34.68000729751137
16.139690024772136
19.437391455689436
11.160179728469501
60.97432385585847
38.434272185955649
23.561232678400927
15.542131712379046
19.763799658642398
18.733624416401142
fid_record:
245.52629458007107
49.64147789660487
44.251803315008885
39.324485492266234
52.754668011473996
97.412855003013
21.73524579680378
22.149464189378676
24.060763431668306
26.124358074453284
48.255623389031996
30.364089742793794
11.11169585990416
10.961047183352093
11.674537720064052
11.098292843576075
12.129059036193382
33.350006968968245
54.35486460299515
28.221625636368145
11.692953351434994
11.45216552780363
43.668050690108515
33.65357937584463
22.42730761228941
33.1514276780205
19.0165741628648
14.674875340019867
36.63352371529828
14.460346656071664
