fid_record:
97.95201316871555
69.06217759553255
62.98146714499478
57.52486431474847
64.45581316141903
59.84120459970154
59.893246386794544
54.170247114443214
54.93745241474687
51.158146627936844
44.88762495967069
48.10130737570796
48.872191206304365
44.47485684667146
72.18336380769796
48.74228881153573
47.9003592178986
56.08527483236094
47.08419303739663
57.67200824951635
49.20382558319028
453.9093989935923
371.9926796613324
396.5087369688366
449.93663110258785
413.7818015592169
373.4690225318835
367.36863684739404
383.8550379793056
393.34335520945876
410.18113915537896
458.8029352956129
444.43990182372426
448.4746184720135
472.33521489207993
482.08852984988226
473.61322312790605
469.55772477443765
467.37490602922094
469.45425373714806
