grad_norm
8.687636375427246
1.1800389289855957
0.5253158807754517
0.7611295580863953
1.2710332870483398
0.9908775687217712
0.6261275410652161
0.42315420508384705
0.4692356288433075
1.168286919593811
2.2590675354003906
0.42988380789756775
1.566340446472168
1.9828840494155884
2.539419412612915
0.2569161057472229
4.415159225463867
5.633599281311035
4.883511543273926
4.224735736846924
5.042078495025635
5.804734706878662
7.805076599121094
4.401190757751465
8.1179780960083
8.121100425720215
7.458419322967529
9.320915222167969
9.25445556640625
5.553279399871826
10.665140151977539
10.535392761230469
9.669843673706055
8.661291122436523
8.49677562713623
12.426794052124023
9.447182655334473
12.021307945251465
11.201200485229492
11.335378646850586
12.261072158813477
13.152310371398926
14.423201560974121
14.303053855895996
10.447690963745117
9.960294723510742
12.650018692016602
10.147134780883789
14.228367805480957
13.09604549407959
5.554826736450195
12.341204643249512
11.227909088134766
11.871206283569336
13.533384323120117
13.6959810256958
13.777891159057617
12.163908004760742
8.743766784667969
12.469773292541504
11.50594425201416
16.219953536987305
13.39941692352295
13.671424865722656
15.186502456665039
17.5095157623291
13.011566162109375
16.41523551940918
15.53313159942627
15.24122142791748
6.600097179412842
14.463879585266113
13.162528038024902
15.049976348876953
13.286596298217773
14.754530906677246
14.163146018981934
16.593151092529297
15.631251335144043
12.110502243041992
13.489673614501953
11.579641342163086
13.341950416564941
15.997310638427734
18.456205368041992
16.549821853637695
12.723235130310059
11.108119010925293
12.571857452392578
15.34939956665039
16.297998428344727
17.763957977294922
12.672077178955078
16.015777587890625
16.65196990966797
15.814287185668945
11.493865013122559
18.927978515625
12.092108726501465
12.995501518249512
12.148909568786621
13.39742660522461
19.43895149230957
14.578407287597656
18.163631439208984
15.647599220275879
12.831700325012207
13.918737411499023
6.112710952758789
13.865303993225098
12.324675559997559
18.95848274230957
15.062357902526855
11.877970695495605
4.435690402984619
12.914867401123047
19.399154663085938
15.377240180969238
14.301724433898926
16.676488876342773
16.343503952026367
18.575645446777344
14.470476150512695
17.426288604736328
14.424431800842285
13.723357200622559
16.795249938964844
16.148792266845703
13.227766990661621
19.905662536621094
19.218828201293945
12.80008602142334
15.618792533874512
14.980602264404297
15.908882141113281
14.605242729187012
11.679427146911621
14.783875465393066
15.1649751663208
13.02759838104248
7.527523994445801
16.636152267456055
15.304057121276855
14.348695755004883
12.29035758972168
10.72148609161377
16.70906639099121
14.840986251831055
16.61088752746582
15.872838973999023
12.520242691040039
19.119630813598633
16.183042526245117
16.266239166259766
16.73598861694336
9.14919662475586
13.980231285095215
15.817985534667969
18.824922561645508
11.97278118133545
13.327428817749023
8.389385223388672
12.68404769897461
18.907865524291992
13.793604850769043
15.194100379943848
14.784053802490234
15.614018440246582
14.142643928527832
14.605039596557617
15.132996559143066
20.43756103515625
14.506814956665039
14.73910903930664
15.430310249328613
14.254474639892578
13.192329406738281
14.001801490783691
13.760529518127441
18.023868560791016
5.4051337242126465
16.36302375793457
10.242966651916504
12.947919845581055
12.421493530273438
14.907706260681152
7.6929545402526855
16.048368453979492
14.884174346923828
16.202381134033203
2.6500120162963867
14.245278358459473
15.103726387023926
17.3271541595459
12.327179908752441
11.445158004760742
9.929708480834961
15.031311988830566
18.709228515625
16.140262603759766
14.698505401611328
14.417801856994629
14.683673858642578
10.394640922546387
18.99785614013672
12.002500534057617
9.008131980895996
12.97704029083252
13.254175186157227
15.286310195922852
19.58761215209961
12.266864776611328
17.164737701416016
16.806547164916992
15.033003807067871
14.433578491210938
16.372560501098633
7.182435512542725
14.441641807556152
2.041095018386841
1.9391794204711914
1.9164350032806396
5.214452266693115
2.739769458770752
3.9608170986175537
4.051823616027832
4.403771877288818
4.277826309204102
6.74788761138916
8.786908149719238
6.475743770599365
3.2697086334228516
4.6556291580200195
6.332331657409668
5.974447250366211
7.925161361694336
8.20869255065918
4.430805683135986
5.677173614501953
9.971091270446777
7.451981067657471
4.378940105438232
4.0992231369018555
7.076849937438965
7.952773094177246
8.931746482849121
5.5859375
4.038133144378662
7.418910026550293
8.552580833435059
5.977176666259766
5.055967807769775
2.400428533554077
3.5031962394714355
8.973505973815918
6.447531223297119
5.278936386108398
3.4923462867736816
3.818922758102417
2.360210418701172
6.1425957679748535
4.018261432647705
4.745807647705078
4.283669948577881
4.182744979858398
5.837216377258301
2.5647025108337402
3.6390955448150635
1.1330487728118896
4.56649923324585
2.7040414810180664
3.1667816638946533
5.462102890014648
4.09244441986084
5.834958076477051
3.0716946125030518
4.899409294128418
4.190147399902344
3.4245150089263916
3.1883151531219482
3.201766014099121
2.3051810264587402
1.9143232107162476
0.8994025588035583
3.2493395805358887
3.33420991897583
2.424112319946289
1.8587758541107178
2.7794766426086426
4.1167097091674805
2.062443971633911
4.166506290435791
4.491660118103027
4.162156581878662
3.6163110733032227
2.6370291709899902
1.844080924987793
2.470475912094116
1.936617374420166
4.17200231552124
1.6273151636123657
1.6542699337005615
2.619685649871826
1.4605908393859863
3.740633010864258
4.619697093963623
3.2855236530303955
6.641872882843018
3.4173572063446045
2.8426194190979004
3.735816240310669
3.4020626544952393
1.3074005842208862
2.762814521789551
2.7198665142059326
4.089985370635986
5.072122573852539
1.292521595954895
2.1787948608398438
1.6485397815704346
3.8852624893188477
3.3933756351470947
2.2423341274261475
3.472738027572632
2.2477402687072754
5.474277019500732
1.4619288444519043
4.765068054199219
3.1394588947296143
2.036271810531616
1.6918425559997559
1.3852425813674927
3.6257576942443848
4.961502552032471
4.084517478942871
2.409287214279175
1.9801100492477417
3.2896482944488525
3.713139057159424
2.510937213897705
1.7512602806091309
1.4806408882141113
1.3734824657440186
2.1565732955932617
2.3782036304473877
2.733170986175537
1.790581226348877
1.8769057989120483
2.4196560382843018
2.530651092529297
1.6723511219024658
2.489104986190796
2.1244864463806152
5.116686820983887
2.079561233520508
1.5922249555587769
2.8456475734710693
1.032417893409729
2.3408379554748535
2.0160458087921143
1.5606050491333008
3.495023250579834
1.4821162223815918
1.552510142326355
1.3940725326538086
2.5515451431274414
2.5174107551574707
2.3644473552703857
2.0102710723876953
2.174070358276367
0.9717991948127747
1.6457664966583252
3.031090497970581
2.1265389919281006
2.2439262866973877
2.8033716678619385
1.723145842552185
0.8814799189567566
2.120309352874756
1.635496735572815
1.773963451385498
2.912379741668701
1.4956339597702026
4.392839431762695
3.2438623905181885
1.8142492771148682
2.5809073448181152
2.4056594371795654
3.0884342193603516
1.8315739631652832
0.9918769001960754
0.990382194519043
2.1328752040863037
1.5379931926727295
2.089827299118042
2.7931666374206543
1.0770556926727295
1.4891386032104492
1.7000540494918823
1.4645086526870728
