135.1249862061474
108.03568916508448
121.10973979189987
109.09394493371911
106.58239831683602
94.42119729882859
94.07225626098113
83.95757507071403
84.12394889007476
93.61230327643568
73.99909381272704
86.31123248982726
74.11982797153343
73.976522863794
68.66696897034518
65.55994802859294
599.4059612745967
613.6008318446331
600.1994703105839
405.56255116957567
311.64224249314174
264.1757920175085
260.5562280590602
230.44766420971123
234.9637807717389
247.23394463414215
233.68695324484295
433.20597280042097
471.90521744814055
291.8154798303623
