fid_record:
128.13089774699733
41.859200157498805
22.09884812462019
15.467197489816158
12.819101007133469
12.630389529833138
11.85115821637396
218.1484368376252
185.04885966565482
188.88552064205953
fid_record:
116.39137583911636
35.27036926701362
23.77902678341752
19.570861072583142
11.832233719462977
12.444729563135297
12.239573718200234
10.957562464703528
10.912989412390829
12.539538573790992
fid_record:
128.7609233304381
50.14305290189077
25.217876259013792
17.435226460557402
16.85856523523347
14.66364180175188
16.3057513544683
11.794497825779928
14.387768344088045
11.867222056960145
fid_record:
117.07168617164928
38.16065590429511
25.04661236314101
20.91991278258911
16.887982848130264
14.35807488319341
14.413615550040731
14.175074164224725
13.369139046585133
12.123672559513693
fid_record:
92.65122757749555
55.24299819848568
23.501570655967072
16.753046898995223
48.66738208114219
15.267805533557294
14.606089829446432
13.616668493150371
230.83962142391
158.042337846971