fid_record:
90.35955179234219
61.660454364198955
46.23112512749117
40.87573765213469
40.33268568909148
38.358073558033794
36.002624699743166
34.461962137019896
38.53790375444103
33.97970508821655
30.93500682430482
33.661470315310424
39.82475087361189
35.087670244331946
35.076193478652755
37.28680923955062
36.30429848555772
32.6266926411418
36.77166404122431
40.422672947400685
39.976609858786645
31.655260194160604
38.46643437991668
34.62911578164173
41.26431600705405
40.522972952608114
43.08340675520668
44.21448341858269
39.39320747818854
39.12133723886609
fid_record:
87.0843774654061
54.83484727440316
51.302599171373345
41.90468714562775
36.09181321985011
36.43568779747716
35.20775920454625
35.299370540404254
38.60204819441725
44.197879007873325
36.32471699521972
35.23441751777639
32.55154975094379
35.874964056443645
32.645031998604
39.35814470529235
34.52395584623247
41.45180111883539
42.11764427661518
40.29755276051145
30.56690130417593
39.781441861535825
34.41129105218883
36.47899099913724
34.902387725817164
39.75901297231496
46.65041158336328
36.05874432955346
40.787930155266025
41.27019491951236
fid_record:
79.68328211002049
53.78707131135417
46.437175825294474
39.99170565663957
41.53262407949819
35.59559762655459
35.257673268810436
37.369324344646316
41.902103376526156
39.55731180261273
37.66854923004695
34.148097816797076
29.522638252989935
42.21525315280735
42.08869669612619
36.27736818705486
36.04303671943134
41.34593727566613
37.873274342508466
255.2444705577496
210.21370942471344
224.88276732706413
188.59837539548658
197.42642113766877
151.92876221056378
166.86375145790709
171.8452873588855
190.30143594349738
167.98262744275453
141.5731677900823
fid_record:
90.5427055770383
56.0354506100727
42.05560047909296
38.277994187967806
41.333446268211674
36.189746863275616
33.75288869655435
37.452817163753565
33.95839278814904
30.083683439467023
38.03236210001177
37.475638561247195
36.61563247162019
28.867627270119783
32.54723312354599
30.813170617387755
32.93874465140996
28.468452264336747
39.35775655784789
30.19073918175468
32.1194255196138
31.16579022082192
35.093382402915665
33.82571067737891
32.571768515419365
32.539558646088096
32.18665564986378
34.10836238394114
36.69398501584703
41.42323890076756
fid_record:
88.32152873945861
48.430785174121525
50.69518749871165
39.024707661439265
38.16446636561193
32.00143350819056
28.14580119666303
36.061553336128526
31.293145251428484
32.76496575105037
28.927136305780266
31.299182624288818
38.2072020816135
31.401977797326737
32.29352225824107
41.3176482732529
35.59501543694094
28.836266998599513
34.00396202825678
40.18412458603308
31.505262871125325
31.53809032428788
30.093640989725657
33.069784091233146
35.19637369170641
37.873501997267255
29.520292149954287
34.14148078040583
38.46201743470931
34.05268600253339
