166.73261809995302
100.34269426073257
92.0246300459927
89.18535922625716
92.79097146581461
57.79146377630212
57.18360417334088
54.06650225922158
64.55708885372132
48.65509379730656
41.8549905058868
44.46581022501607
40.664024966926206
38.74571624139077
40.799063555769976
41.90868161609092
34.312874868126244
38.652671548037915
38.58581082241801
42.60332938115141
35.75458150321123
39.755686273905496
33.90709142402886
41.27381327188925
34.9093117566826
35.74166237534513
36.42022246005996
30.707814585819733
36.59694089319288
30.153487513048844
