fid_record:
74.05262925490166
56.36443902703462
53.43347386882289
49.00654245530882
49.4519128482126
46.82026408758918
45.20627987421841
43.996994566113756
44.66294873532257
54.57637548506273
53.46710525915091
46.07507664376442
58.17277885456542
52.731502927606414
47.69640541227403
51.60184116657848
53.955297950095144
50.13969438916354
50.051858042693084
48.40356791944566
51.674733846483605
46.58989632752542
48.79065992073237
50.94150625888119
51.90511725089084
55.79867053280856
56.815109212699554
50.47601065712786
53.48099168936437
56.193812339237354
