fid_record:
81.63362103206393
55.81841873537408
35.71513819132417
30.915342661693245
27.68980519046798
23.702674973613398
27.49394973173864
24.915305293897205
23.574758136306485
26.024343324710912
20.94496688111377
21.002831122490647
24.45956847190763
27.51896078060213
22.129315480845804
20.345401911013823
23.357636157396882
24.497921546417672
22.006029863677867
21.92550811650966
23.905779584258482
18.854129364244642
22.18620938703924
19.014224920299995
23.534249335746267
21.665266081668676
25.253864116563477
20.783630223925
22.491835135312385
19.722112943883275
