171.50749948095648
104.14971031060645
85.48852205938994
89.87051702859645
73.38605862295799
70.96411652846587
60.969371848504295
55.363254914131744
59.214385066753096
74.35896559066077
50.546232133438025
48.541391108335745
48.28965981281277
47.85686276869393
45.25145762247814
41.13835735422697
40.693913962542126
44.97643553266653
42.54753987458753
51.831471197501
37.876290871451545
55.22347973037756
41.62513206520032
47.78029837223744
47.603000031400995
43.24309056517825
41.48436849926691
44.858225066096
40.577676463517435
40.19048288523834
40.43036592024305
39.69655506216975
41.45121216154723
47.416086248200656
50.16361337952674
43.09506755798566
53.11642808131211
42.59463338798065
39.91900871081822
39.77674381090202
