158.70696338442974
126.72689592426366
86.58544893609098
99.8981709625605
77.58452094161348
85.45319491680567
76.1186457529148
75.98142996597261
71.46417026686478
73.73866258435524
72.24161726078032
70.41800369980109
74.0076128732548
74.04417176386173
440.01461025692436
363.0335315449672
335.4573970075817
443.1281495031972
450.916679826477
391.47655121253365
477.11645417343493
557.9696183605009
427.5180065725631
543.8241402413856
387.98976313941097
506.15069174833485
430.28963974754225
559.4982440623646
511.37777486541677
364.1187251999842
