fid_record:
126.4376211112234
89.32760480432637
72.44179052502204
59.933507413621385
49.75652681709664
44.994468035991076
39.596338646670915
36.87830542661902
31.65206380666916
30.020520388181808
29.08093111656504
25.15064226063052
24.14193374159592
22.752097618554615
21.42339957389447
21.83521488781753
21.983593737902254
23.19885010145188
19.127239051602402
18.63582604969838
16.913943125935646
17.067467971008227
17.487450970639514
17.069852985352895
16.819082466507297
16.800683326422217
13.800655795278686
14.338148688672106
15.00920891703106
14.378784894110908
14.119053172315915
13.6968392110372
14.965624298220348
15.004037578921867
14.05755856474741
12.373755818571823
13.048238527690955
13.316189779100853
13.646594230944572
12.885574697350734
14.115538790784598
12.505199629713019
12.342269787264968
11.640515204559904
12.539379838612632
11.153980033955861
11.88987114955006
10.96988883657258
11.860102250260582
12.817629374467543
13.095072879242338
12.590126303499972
13.071267141086508
12.40421541103484
11.098103852055516
11.940497880977887
12.250783266975247
12.135595762899527
12.129871372115787
11.421379740932878
fid_record:
140.39460572089
93.80844167896345
80.3034658044343
64.51707438912786
55.47079207294735
48.91326763332694
44.92172145122993
39.17112597156171
35.56420289169171
34.96857580954244
32.461070986893816
30.228725863744984
27.177195337474444
29.21618571107001
26.83133305344137
24.825526396273432
21.99948469417768
24.901472258467663
23.144039767592545
23.38743833961945
21.30413321273005
23.49500048677922
19.7366832257525
19.9304425212585
19.696273227078535
17.591475596341866
18.552837000950916
16.232402808736936
18.215621599943034
16.9637136798149
17.0918390847161
16.825132821006292
17.33514779452537
16.1862579742413
17.205288522608896
17.748629875182985
15.345958771853333
15.105978120895202
15.107300112412275
14.536264057474483
14.82165777006199
14.799210570252654
14.320324420732618
14.745952400601254
13.992557167631446
13.706634813276281
14.192376592068229
14.091645195778426
14.529616326995693
13.515246537970256
13.920176168738493
13.407390148477845
13.908063689902463
13.82134374970181
13.742454915138921
14.025173516568998
13.612751963817317
13.25272062540023
11.96189964942377
12.755752360019642
fid_record:
141.51399923191954
104.75413776599461
77.00075792229481
64.56337185284326
55.954617295439334
49.92528688161343
44.0376574807903
40.477331695920554
41.38850066212143
33.159012141328304
29.02717716818887
29.88642093210001
28.843759909248604
25.86051365956962
25.0065620755488
22.50110862728195
23.804878047312968
21.236148559286647
22.966359636759904
20.748566116406806
21.83514553877484
18.310119390886342
19.143797253491982
18.087217701837687
18.386994906444215
18.089528030309367
18.300717514596272
15.695119032651576
16.33955987427524
16.086803161029934
16.066606448108985
15.606171194026842
14.54870364479956
14.812245596270373
15.18934514296842
15.80585128985021
16.417455793036225
15.644471130646963
14.956030521291154
12.48811637376383
13.902523658559858
13.493819236855586
12.975059748335582
13.452217505035605
14.188433672936327
14.436679567142676
12.041226831500552
13.133664095091063
13.652545056487156
14.152045361873803
13.019128624116064
12.426839441825052
14.61792378795468
13.583732225482947
12.394062304349887
12.84585149518307
10.191918089264703
13.989696347324184
13.083695745366185
13.73747290356124
fid_record:
130.336212797285
97.48831429753608
70.79852829402415
62.05006995048433
63.47213578374556
50.97803658308237
49.38125486161897
50.93888832163219
43.81883561012384
38.987389911844076
37.836392884828086
37.02071565575744
33.160113856165765
33.83004291105365
26.181526209296294
26.564699841390677
24.2702710986066
26.207698587259955
23.296604256910257
22.739466965254394
22.271815294781874
20.650129189743268
21.454791131961116
18.968582519472818
18.552340459191555
18.757594596410797
18.685694705128867
17.994722623465407
17.267958710947767
16.400726493705406
16.57943852587053
17.841553621878205
15.215036608164496
16.635258472246022
15.213090181038012
15.281256255817198
14.673136914055846
14.158781400487186
14.885408497634103
14.392082672025737
14.864753872723213
13.860135178282235
12.768940599871769
13.067994882408527
13.787520956261744
12.33278781553713
13.125866865286412
13.958359846833048
13.2775877954559
13.514177313410642
12.351757506934803
12.753043977718306
11.988697408503043
10.896698390189187
12.049850146767966
12.117285778329517
12.160012887965365
13.007978395135439
12.54990220627522
12.711455214480878
fid_record:
135.7845335003533
92.49892663809834
69.55397808161672
59.772393238792404
48.98908081075879
51.56440726556065
38.19628203542618
35.71563322937533
32.1161992834181
30.600905994462238
28.61306216205537
26.013552112349686
24.682836986706633
23.403205630319803
22.88758572712311
23.570170331986645
20.187592988617894
19.724790296382906
19.45921032070902
17.749896811564582
17.856376429260195
16.12526351953801
16.92737718291616
15.90081455350591
16.5882795195281
15.957700743624656
15.238615394299217
14.239449011699008
15.031086853441082
15.31372715767995
13.196562922776707
13.191915374785793
12.788375189021735
13.87958365594477
14.248020299698965
12.821649000614372
13.09863204182028
13.61339481609346
12.955508657672283
11.595619625879465
12.89074801143289
11.430382570560369
12.767733787157056
12.44419626395802
11.504975014089524
11.083853824324848
12.809698655831966
12.008077223982639
11.452059503957798
13.817303338361
12.019046043995132
11.471267438867642
11.927174720382254
11.416818866990866
11.823923864143353
12.165924385160025
11.492126432189252
11.6008548136559
10.125654165837773
11.915433663022498
