103.19882958035623
60.80203231012189
51.15164713658214
54.33693686548372
479.59134659491065
479.74797005886336
479.7490146217083
479.71782671815345
479.72285549329854
479.7287364942034
479.75338541507904
479.6812100189231
479.71489206854983
479.73251094070247
479.7087878912442
479.7202343851067
479.6857039822379
479.79543786851434
479.70326222648026
479.70898725627046
479.7509487453157
479.69556430874434
479.80897444940933
479.7951692636358
479.68817776827757
479.7088177789815
479.68911202414324
479.74099801355516
479.6924720090187
479.69559159865
