fid_record:
162.459081863817
42.31970984115151
32.64863981177058
27.826617528843116
25.615337184295953
25.2202770120291
26.010738559022514
27.527481370583473
26.52184038844274
24.676076892857395
25.148645723799916
23.092900221742894
23.258844364408333
27.903296507413046
29.55101740768663
22.40829417891473
25.145031313912227
29.533594421925613
26.250493217120578
23.55865416397225
31.22572874397551
29.82125218179624
22.597425317089403
30.10608428229085
36.76702444989368
30.74521923413414
39.069076339243935
27.759867949784137
33.38173752340981
31.500828888788988
