grad_norm
49.439361572265625
1.7671892642974854
1.1435338258743286
2.0795583724975586
0.43431681394577026
0.8854594826698303
0.45733270049095154
0.46467074751853943
0.4480815827846527
0.47188398241996765
0.762965202331543
0.8336660861968994
0.5436068177223206
0.2951212525367737
1.3292754888534546
1.30153226852417
1.5665146112442017
0.33168768882751465
0.3783932328224182
0.27821627259254456
1.1096558570861816
0.4801715612411499
0.5467603206634521
0.3460896611213684
0.9128831028938293
0.4178265929222107
0.47303441166877747
0.21692432463169098
0.46202975511550903
0.17719803750514984
0.708023726940155
0.34516632556915283
0.5449212789535522
0.20859487354755402
0.3419531583786011
0.8212723731994629
0.6668319702148438
0.2266387641429901
0.6053301692008972
1.0494869947433472
1.2982205152511597
0.4724233150482178
0.863778829574585
1.2034316062927246
0.9204481840133667
0.9628942012786865
0.8820075392723083
1.8550004959106445
0.29719313979148865
0.6534333825111389
2.2834253311157227
0.5154231786727905
1.3717944622039795
1.3017661571502686
2.3972034454345703
1.2237672805786133
0.23920942842960358
0.6044397354125977
1.7006213665008545
1.428970217704773
0.6518558263778687
1.7019761800765991
2.216732978820801
1.1344480514526367
0.5891944766044617
0.34806230664253235
2.4410524368286133
2.539837598800659
0.9532483220100403
2.7128617763519287
0.8059884309768677
0.4948083162307739
3.076860189437866
1.5691449642181396
1.6091240644454956
2.713482141494751
2.6662938594818115
1.8829891681671143
2.264446973800659
1.1793941259384155
3.457988739013672
0.7659713625907898
1.116485595703125
1.1884634494781494
1.7300035953521729
3.251500368118286
1.6031709909439087
1.752429485321045
2.3883724212646484
0.6409739255905151
2.417771339416504
0.8191654682159424
2.2904646396636963
3.4222872257232666
0.3705807328224182
0.5045894980430603
3.1223855018615723
1.6896015405654907
3.175837278366089
0.8841028213500977
1.9321902990341187
3.4822914600372314
1.5554723739624023
0.37166261672973633
2.217912435531616
1.1647250652313232
0.2547307312488556
2.7677743434906006
3.941551446914673
0.22796058654785156
0.8152484893798828
2.7403883934020996
1.523070216178894
3.5326621532440186
1.953981876373291
0.5965773463249207
3.6393938064575195
2.815952777862549
1.7676866054534912
3.6658735275268555
0.7294843792915344
3.6301004886627197
1.2253676652908325
0.9410295486450195
0.9213588237762451
3.9772350788116455
0.5340340733528137
2.5666043758392334
4.464717864990234
1.572906494140625
1.6949301958084106
1.135068655014038
2.798799753189087
1.0220098495483398
2.8447985649108887
2.2041289806365967
2.690682888031006
3.268433094024658
1.9874275922775269
1.382854700088501
1.9286198616027832
0.9341848492622375
0.8433356285095215
0.7893247008323669
2.6614344120025635
4.886727333068848
2.193143367767334
1.216597080230713
0.47698646783828735
4.291852951049805
0.22810596227645874
0.3444528877735138
2.3259830474853516
4.7972798347473145
1.2715294361114502
0.5026332139968872
1.6785087585449219
3.5626156330108643
3.2332637310028076
4.207320213317871
1.9771000146865845
4.555955410003662
3.4597551822662354
2.1910383701324463
2.880199909210205
3.9917471408843994
3.865234136581421
0.7525760531425476
3.8141870498657227
3.160869836807251
0.3753884732723236
4.411508560180664
4.13355827331543
6.376729965209961
3.8085319995880127
4.41729211807251
2.5001027584075928
3.4556758403778076
1.2805143594741821
4.641983985900879
1.5412858724594116
4.269514560699463
3.3737709522247314
1.2390215396881104
4.669900894165039
4.924935817718506
4.061795711517334
1.4405261278152466
6.177307605743408
4.025744438171387
2.8201498985290527
1.3211486339569092
1.0191128253936768
3.033043622970581
3.5984692573547363
3.796501874923706
2.6304571628570557
1.144016981124878
7.180797100067139
4.500002861022949
4.40974235534668
3.390087366104126
7.502633571624756
0.4001261293888092
4.310437202453613
4.697840690612793
6.011259078979492
3.0180747509002686
4.830185890197754
7.6985182762146
0.4615015983581543
2.5322153568267822
1.8586974143981934
7.428004264831543
5.2042155265808105
5.652953147888184
3.489262342453003
2.879856824874878
2.931717872619629
5.757572174072266
8.077980995178223
1.853191614151001
3.9744081497192383
5.301548957824707
6.234394073486328
3.056802272796631
4.762809753417969
1.8886574506759644
3.4462010860443115
4.0405049324035645
6.759775161743164
6.490609645843506
2.7808752059936523
6.840630531311035
3.5859944820404053
4.881319046020508
6.169262886047363
3.9881441593170166
5.262082099914551
4.136814594268799
4.649866580963135
4.672663688659668
6.0361151695251465
6.806083679199219
5.711848258972168
2.7939682006835938
1.649863839149475
7.730630397796631
4.578522205352783
1.9770073890686035
5.689204216003418
4.802038669586182
6.394493579864502
2.3968207836151123
3.6152772903442383
3.3528411388397217
4.458591461181641
3.615494966506958
0.19791918992996216
3.925762176513672
4.39052677154541
4.501980781555176
2.921574115753174
3.2838311195373535
7.236973285675049
8.4639310836792
2.8537089824676514
6.4029059410095215
2.252133846282959
0.31689566373825073
4.312512397766113
1.0613831281661987
0.0974634438753128
4.252096652984619
4.000509262084961
3.5911905765533447
5.038405418395996
2.734804630279541
2.21785831451416
6.097167015075684
5.6530327796936035
4.976803302764893
8.953412055969238
4.834012985229492
6.460482120513916
6.589044094085693
5.124308109283447
7.113526344299316
4.47916841506958
5.009787082672119
15.2877836227417
1.728010892868042
3.6775054931640625
5.73264217376709
4.88332462310791
3.5537502765655518
2.836517810821533
1.8849326372146606
5.991960525512695
2.649071216583252
5.489933967590332
1.613620638847351
4.234582901000977
5.112597465515137
5.713693618774414
3.890489101409912
3.9832894802093506
6.429579257965088
1.3445329666137695
4.954252243041992
4.733360767364502
2.5724809169769287
3.490657091140747
1.726550817489624
4.520999908447266
4.622660160064697
4.105287551879883
5.04545783996582
3.8807528018951416
6.17500114440918
5.075612545013428
6.5157551765441895
4.952195167541504
6.5343732833862305
2.5259101390838623
2.0575735569000244
5.49146032333374
4.041203022003174
3.45180344581604
4.734135627746582
3.3947436809539795
2.586573600769043
3.094257354736328
5.652321815490723
4.875593185424805
2.8514833450317383
4.461686611175537
6.347743034362793
4.05036735534668
3.3911995887756348
1.8379099369049072
4.957303524017334
6.773465633392334
7.0848259925842285
3.1024386882781982
8.275745391845703
3.2690443992614746
3.5944762229919434
1.3065099716186523
5.962834358215332
5.497925758361816
5.46095085144043
5.814735412597656
2.6411631107330322
6.60512638092041
5.316703796386719
3.4871556758880615
5.384454250335693
6.137256622314453
6.056217670440674
1.370361089706421
4.564629077911377
3.6627695560455322
3.754502534866333
2.5330810546875
2.908353328704834
2.3943326473236084
2.9646544456481934
1.9960922002792358
1.7860032320022583
3.9025418758392334
6.813567161560059
7.170678615570068
6.981823444366455
3.546095848083496
0.08297402411699295
7.050911903381348
6.521507263183594
3.375312089920044
2.1691930294036865
2.8324031829833984
6.604166507720947
4.035915851593018
5.191813945770264
5.360678195953369
6.6188178062438965
1.0271960496902466
5.078834533691406
2.6976115703582764
0.1955365389585495
5.586964130401611
4.120795726776123
6.936334609985352
7.180920124053955
1.682073950767517
2.259688377380371
5.053783416748047
7.536518573760986
4.774321556091309
6.800040245056152
