fid_record:
fid_record:
fid_record:
265.9045270440031
145.4867852075314
104.11127644373903
72.61658652094843
71.3866361357388
64.01309414683794
56.89682142636093
59.69847013438891
56.107376712389566
51.13383199787336
50.9197339021668
54.34675584849447
49.15536901953351
52.29132397595197
46.372749122986136
50.47947551180704
50.21783490131901
50.17116336118124
48.642921004744665
44.9461809549677
49.924430885197296
45.665704986274875
44.567369718532916
43.604895305930086
42.673646893601074
42.15576864498223
44.57951198202028
39.92702496418997
41.583313702627834
45.95875758062658
41.564453694106476
43.42514913167281
40.90272145026222
42.45825580477708
44.135379598914824
40.47856690902216
38.174880739219645
39.760750925036746
42.360149189128606
42.19642807578197
