70.46675140880095
24.04762329496407
14.841761848892475
10.225706262639392
12.21947528838399
16.279939408072806
9.303283978451958
8.335316960184826
8.30580913663809
11.86367194995941
18.61392251110874
15.407491697019111
17.466378896198563
14.810859569146118
319.5137521376684
286.25373387841023
184.849948962881
248.18617455981018
197.26677277809765
198.1561963460083
206.04809088078332
210.2308261788972
206.33547437988935
198.64454047274825
201.12814738275847
150.61471594507194
151.96675088689076
170.76414002757787
194.96945799972127
160.33643026539917
151.2674190262823
189.96904535630873
196.1540754827338
188.5083385221584
269.4158890066718
164.1944047093696
227.28330665872667
206.14304138604
179.50597424263674
165.43833553431003
